matrix:100,100
25
cible:5
start(82,73)
start(13,83)
start(33,41)
start(84,89)
start(11,51)
matrix::
0.0 0.0 0.0 0.0 0.0 0.0 0.0 0.0 0.0 0.0 0.0 0.0 0.0 0.0 0.0 0.0 0.0 0.0 0.0 0.0 0.0 0.0 0.0 0.0 0.0 0.0 0.0 0.0 0.0 0.0 0.0 0.0 0.0 0.0 0.0 0.0 0.0 0.0 0.0 0.0 0.0 0.0 0.0 0.0 0.0 0.0 0.0 0.0 0.0 0.0 0.0 0.0 0.0 0.0 0.0 0.0 0.0 0.0 0.0 0.0 0.0 0.0 0.0 0.0 0.0 0.0 0.0 0.0 0.0 0.0 0.0 0.0 0.0 0.0 0.0 0.0 0.0 -1.0 -1.0 0.0 0.0 0.0 0.0 0.0 0.0 0.0 0.0 0.0 0.0 0.0 0.0 0.0 0.0 0.0 0.0 0.0 0.0 0.0 0.0 0.0 
0.0 0.0 0.0 0.0 0.0 0.0 0.0 0.0 0.0 0.0 0.0 0.0 0.0 0.0 0.0 0.0 0.0 0.0 0.0 0.0 0.0 0.0 0.0 0.0 0.0 0.0 0.0 0.0 0.0 0.0 0.0 0.0 0.0 0.0 0.0 0.0 0.0 0.0 0.0 0.0 0.0 0.0 0.0 0.0 0.0 0.0 0.0 0.0 0.0 0.0 0.0 0.0 0.0 0.0 0.0 0.0 0.0 0.0 0.0 0.0 0.0 0.0 0.0 0.0 0.0 0.0 0.0 0.0 0.0 0.0 0.0 0.0 0.0 0.0 0.0 0.0 0.0 -1.0 -1.0 0.0 0.0 0.0 0.0 0.0 0.0 0.0 0.0 0.0 0.0 0.0 0.0 0.0 0.0 0.0 0.0 0.0 0.0 0.0 0.0 0.0 
0.0 0.0 0.0 0.0 0.0 0.0 0.0 0.0 0.0 0.0 0.0 0.0 0.0 0.0 0.0 0.0 0.0 0.0 0.0 0.0 0.0 0.0 0.0 0.0 0.0 0.0 0.0 0.0 0.0 0.0 0.0 0.0 0.0 0.0 0.0 0.0 0.0 0.0 0.0 0.0 0.0 0.0 0.0 0.0 0.0 0.0 0.0 0.0 0.0 0.0 0.0 0.0 0.0 0.0 0.0 0.0 0.0 0.0 0.0 0.0 0.0 0.0 0.0 0.0 0.0 0.0 0.0 0.0 0.0 0.0 0.0 0.0 0.0 0.0 0.0 0.0 0.0 -1.0 -1.0 0.0 0.0 0.0 0.0 0.0 0.0 0.0 0.0 0.0 0.0 0.0 0.0 0.0 0.0 0.0 0.0 0.0 0.0 0.0 0.0 0.0 
0.0 0.0 0.0 0.0 0.0 0.0 0.0 0.0 0.0 0.0 0.0 0.0 0.0 0.0 0.0 0.0 0.0 0.0 0.0 0.0 0.0 0.0 0.0 0.0 0.0 0.0 0.0 0.0 0.0 0.0 0.0 0.0 0.0 0.0 0.0 0.0 0.0 0.0 0.0 0.0 0.0 0.0 0.0 0.0 0.0 0.0 0.0 0.0 0.0 0.0 0.0 0.0 0.0 0.0 0.0 0.0 0.0 0.0 0.0 0.0 0.0 0.0 0.0 0.0 0.0 0.0 0.0 0.0 0.0 0.0 0.0 0.0 0.0 0.0 0.0 0.0 0.0 0.0 0.0 0.0 0.0 0.0 0.0 0.0 0.0 0.0 0.0 0.0 0.0 0.0 0.0 0.0 0.0 0.0 0.0 0.0 0.0 0.0 0.0 0.0 
0.0 0.0 0.0 0.0 0.0 0.0 0.0 0.0 0.0 0.0 0.0 -1.0 -1.0 -1.0 0.0 0.0 0.0 0.0 0.0 0.0 0.0 0.0 0.0 0.0 0.0 0.0 0.0 0.0 0.0 0.0 0.0 0.0 0.0 0.0 0.0 0.0 0.0 0.0 0.0 0.0 0.0 0.0 0.0 0.0 0.0 0.0 0.0 0.0 0.0 0.0 0.0 0.0 0.0 0.0 0.0 0.0 0.0 0.0 0.0 0.0 0.0 0.0 0.0 0.0 0.0 0.0 0.0 0.0 0.0 0.0 0.0 0.0 0.0 0.0 0.0 0.0 0.0 0.0 0.0 0.0 0.0 0.0 0.0 0.0 0.0 0.0 0.0 0.0 0.0 0.0 0.0 0.0 0.0 0.0 0.0 0.0 0.0 0.0 0.0 0.0 
0.0 0.0 0.0 0.0 0.0 0.0 0.0 0.0 0.0 0.0 0.0 -1.0 -1.0 -1.0 0.0 0.0 0.0 0.0 0.0 0.0 0.0 0.0 0.0 0.0 0.0 0.0 0.0 0.0 0.0 0.0 0.0 0.0 0.0 0.0 0.0 0.0 0.0 0.0 0.0 0.0 0.0 0.0 -1.0 -1.0 -1.0 0.0 0.0 0.0 0.0 0.0 0.0 0.0 0.0 0.0 0.0 0.0 0.0 0.0 0.0 0.0 0.0 0.0 0.0 0.0 0.0 0.0 0.0 0.0 0.0 0.0 0.0 0.0 0.0 0.0 0.0 0.0 0.0 0.0 0.0 0.0 0.0 0.0 0.0 0.0 0.0 0.0 0.0 0.0 0.0 0.0 0.0 0.0 0.0 0.0 0.0 0.0 0.0 0.0 0.0 0.0 
0.0 0.0 0.0 0.0 0.0 0.0 0.0 0.0 0.0 0.0 0.0 0.0 0.0 0.0 0.0 0.0 0.0 0.0 0.0 0.0 0.0 0.0 0.0 0.0 0.0 0.0 0.0 0.0 0.0 0.0 0.0 0.0 0.0 0.0 0.0 0.0 0.0 0.0 0.0 0.0 0.0 0.0 -1.0 -1.0 -1.0 0.0 0.0 0.0 0.0 0.0 0.0 0.0 0.0 0.0 0.0 0.0 0.0 0.0 0.0 0.0 0.0 0.0 0.0 0.0 0.0 0.0 0.0 0.0 0.0 0.0 0.0 0.0 0.0 0.0 0.0 0.0 0.0 0.0 0.0 0.0 0.0 0.0 0.0 0.0 0.0 0.0 0.0 0.0 0.0 0.0 0.0 0.0 0.0 0.0 0.0 0.0 0.0 0.0 0.0 0.0 
0.0 0.0 0.0 0.0 0.0 0.0 0.0 0.0 0.0 0.0 0.0 0.0 0.0 0.0 0.0 0.0 0.0 0.0 0.0 0.0 0.0 0.0 0.0 0.0 0.0 0.0 0.0 0.0 0.0 0.0 0.0 0.0 0.0 0.0 0.0 0.0 0.0 0.0 0.0 0.0 0.0 0.0 0.0 0.0 0.0 0.0 0.0 0.0 0.0 0.0 0.0 0.0 0.0 0.0 0.0 0.0 0.0 0.0 0.0 0.0 0.0 0.0 0.0 0.0 0.0 0.0 0.0 0.0 0.0 0.0 0.0 0.0 0.0 0.0 0.0 0.0 0.0 0.0 0.0 0.0 0.0 0.0 0.0 0.0 0.0 0.0 0.0 0.0 0.0 0.0 0.0 0.0 0.0 0.0 0.0 0.0 0.0 0.0 0.0 0.0 
0.0 0.0 0.0 0.0 0.0 0.0 0.0 0.0 0.0 0.0 0.0 0.0 0.0 0.0 0.0 0.0 0.0 0.0 0.0 0.0 0.0 0.0 0.0 0.0 0.0 0.0 0.0 0.0 0.0 0.0 0.0 0.0 0.0 0.0 0.0 0.0 0.0 0.0 0.0 0.0 0.0 0.0 0.0 0.0 0.0 0.0 0.0 0.0 0.0 0.0 0.0 0.0 0.0 0.0 0.0 0.0 0.0 0.0 0.0 0.0 0.0 0.0 0.0 0.0 0.0 0.0 0.0 0.0 0.0 0.0 0.0 0.0 0.0 0.0 0.0 0.0 0.0 0.0 0.0 0.0 0.0 0.0 0.0 0.0 0.0 0.0 0.0 0.0 0.0 0.0 0.0 0.0 0.0 0.0 0.0 0.0 0.0 0.0 0.0 0.0 
0.0 0.0 0.0 0.0 0.0 0.0 0.0 0.0 0.0 0.0 0.0 0.0 0.0 0.0 0.0 0.0 0.0 0.0 0.0 0.0 0.0 0.0 0.0 0.0 0.0 0.0 0.0 0.0 0.0 0.0 0.0 0.0 0.0 0.0 0.0 0.0 0.0 0.0 0.0 0.0 0.0 0.0 0.0 0.0 0.0 0.0 0.0 0.0 0.0 0.0 0.0 0.0 0.0 0.0 0.0 0.0 0.0 0.0 0.0 0.0 0.0 0.0 0.0 0.0 0.0 0.0 0.0 0.0 0.0 0.0 0.0 0.0 0.0 0.0 0.0 0.0 0.0 0.0 0.0 0.0 0.0 0.0 0.0 0.0 0.0 0.0 0.0 0.0 0.0 0.0 0.0 0.0 0.0 0.0 0.0 0.0 0.0 0.0 0.0 0.0 
0.0 0.0 0.0 0.0 0.0 0.0 0.0 0.0 0.0 0.0 0.0 0.0 0.0 0.0 0.0 0.0 0.0 0.0 0.0 0.0 0.0 0.0 0.0 0.0 0.0 0.0 0.0 0.0 0.0 0.0 0.0 0.0 0.0 0.0 0.0 0.0 0.0 0.0 0.0 0.0 0.0 0.0 0.0 0.0 0.0 0.0 0.0 0.0 0.0 0.0 0.0 0.0 0.0 0.0 0.0 0.0 0.0 0.0 0.0 0.0 0.0 0.0 0.0 0.0 0.0 0.0 0.0 0.0 0.0 0.0 0.0 0.0 0.0 0.0 0.0 0.0 0.0 0.0 0.0 0.0 0.0 0.0 0.0 0.0 0.0 0.0 0.0 0.0 0.0 0.0 0.0 0.0 0.0 0.0 0.0 0.0 0.0 0.0 0.0 0.0 
0.0 0.0 0.0 0.0 0.0 0.0 0.0 0.0 0.0 0.0 0.0 0.0 0.0 0.0 0.0 0.0 0.0 0.0 0.0 0.0 0.0 0.0 0.0 0.0 0.0 0.0 0.0 0.0 0.0 0.0 0.0 0.0 0.0 0.0 0.0 0.0 0.0 0.0 0.0 0.0 0.0 0.0 0.0 0.0 0.0 0.0 0.0 0.0 0.0 0.0 0.0 0.0 0.0 0.0 0.0 0.0 0.0 0.0 0.0 0.0 0.0 0.0 0.0 0.0 0.0 0.0 0.0 0.0 0.0 0.0 0.0 0.0 0.0 0.0 0.0 0.0 0.0 0.0 0.0 0.0 0.0 0.0 0.0 0.0 0.0 0.0 0.0 0.0 0.0 0.0 0.0 0.0 0.0 0.0 0.0 0.0 0.0 0.0 0.0 0.0 
0.0 0.0 0.0 0.0 0.0 0.0 0.0 0.0 0.0 0.0 0.0 0.0 0.0 0.0 0.0 0.0 0.0 0.0 0.0 0.0 0.0 0.0 0.0 0.0 0.0 0.0 0.0 0.0 0.0 0.0 0.0 0.0 0.0 0.0 0.0 0.0 0.0 0.0 0.0 0.0 0.0 0.0 0.0 0.0 0.0 0.0 0.0 0.0 0.0 0.0 0.0 0.0 0.0 0.0 0.0 0.0 0.0 0.0 0.0 0.0 0.0 0.0 0.0 0.0 0.0 0.0 0.0 0.0 0.0 0.0 0.0 0.0 0.0 0.0 0.0 0.0 0.0 0.0 0.0 0.0 0.0 0.0 0.0 0.0 0.0 0.0 0.0 0.0 0.0 0.0 0.0 0.0 0.0 0.0 0.0 0.0 0.0 0.0 0.0 0.0 
0.0 0.0 0.0 0.0 0.0 0.0 0.0 0.0 0.0 0.0 0.0 0.0 0.0 0.0 0.0 0.0 0.0 0.0 0.0 0.0 0.0 0.0 0.0 0.0 0.0 0.0 0.0 0.0 0.0 0.0 0.0 0.0 0.0 0.0 0.0 0.0 0.0 0.0 0.0 0.0 0.0 0.0 0.0 0.0 0.0 0.0 0.0 0.0 0.0 0.0 0.0 0.0 0.0 0.0 0.0 0.0 0.0 0.0 0.0 0.0 0.0 0.0 0.0 0.0 0.0 0.0 0.0 0.0 0.0 0.0 0.0 0.0 0.0 0.0 0.0 0.0 0.0 0.0 0.0 0.0 0.0 0.0 0.0 0.0 0.0 0.0 0.0 0.0 0.0 0.0 0.0 0.0 0.0 0.0 0.0 0.0 0.0 0.0 0.0 0.0 
0.0 0.0 0.0 0.0 0.0 0.0 0.0 0.0 0.0 0.0 0.0 0.0 0.0 0.0 0.0 0.0 0.0 0.0 0.0 0.0 0.0 0.0 0.0 0.0 0.0 0.0 0.0 0.0 0.0 0.0 0.0 0.0 0.0 0.0 0.0 0.0 0.0 0.0 0.0 0.0 0.0 0.0 0.0 0.0 0.0 0.0 0.0 0.0 0.0 0.0 0.0 0.0 0.0 0.0 0.0 0.0 0.0 0.0 0.0 0.0 0.0 0.0 0.0 0.0 0.0 0.0 0.0 0.0 0.0 0.0 0.0 0.0 0.0 0.0 0.0 0.0 0.0 0.0 0.0 0.0 0.0 0.0 0.0 0.0 0.0 0.0 0.0 0.0 0.0 0.0 0.0 0.0 0.0 0.0 0.0 0.0 0.0 0.0 0.0 0.0 
0.0 0.0 0.0 0.0 0.0 0.0 0.0 0.0 0.0 0.0 0.0 0.0 0.0 0.0 0.0 0.0 0.0 0.0 0.0 0.0 0.0 0.0 0.0 0.0 0.0 0.0 0.0 0.0 0.0 0.0 0.0 0.0 0.0 0.0 0.0 0.0 0.0 0.0 0.0 0.0 0.0 0.0 0.0 0.0 0.0 0.0 0.0 0.0 0.0 0.0 0.0 0.0 0.0 0.0 0.0 0.0 0.0 0.0 0.0 0.0 0.0 0.0 0.0 0.0 0.0 0.0 0.0 0.0 -1.0 -1.0 0.0 0.0 0.0 0.0 0.0 0.0 0.0 0.0 0.0 0.0 0.0 0.0 0.0 0.0 0.0 0.0 0.0 0.0 0.0 0.0 0.0 0.0 0.0 0.0 0.0 0.0 0.0 0.0 0.0 0.0 
0.0 0.0 0.0 0.0 0.0 0.0 0.0 0.0 0.0 0.0 0.0 0.0 0.0 0.0 0.0 0.0 0.0 0.0 0.0 0.0 0.0 0.0 0.0 0.0 0.0 0.0 0.0 0.0 0.0 0.0 0.0 0.0 0.0 0.0 0.0 0.0 0.0 0.0 0.0 0.0 0.0 0.0 0.0 0.0 0.0 0.0 0.0 0.0 0.0 0.0 0.0 0.0 0.0 0.0 0.0 0.0 0.0 0.0 0.0 0.0 0.0 0.0 0.0 0.0 0.0 0.0 0.0 0.0 -1.0 -1.0 0.0 0.0 0.0 0.0 0.0 0.0 0.0 0.0 0.0 0.0 0.0 0.0 0.0 0.0 0.0 0.0 0.0 0.0 0.0 0.0 0.0 0.0 0.0 0.0 0.0 0.0 0.0 0.0 0.0 0.0 
0.0 0.0 0.0 0.0 0.0 0.0 0.0 0.0 0.0 0.0 0.0 0.0 0.0 0.0 0.0 0.0 0.0 0.0 0.0 0.0 0.0 0.0 0.0 0.0 0.0 0.0 0.0 0.04 0.04 0.04 0.04 0.04 0.04 0.04 0.04 0.04 0.04 0.04 0.04 0.04 0.0 0.0 0.0 0.0 0.0 0.0 0.0 0.0 0.0 0.0 0.0 0.0 0.0 0.0 0.0 0.0 0.0 0.0 0.0 0.0 0.0 0.0 0.0 0.0 0.0 0.0 0.0 0.0 0.0 0.0 0.0 0.0 0.0 0.0 0.0 0.0 0.0 0.0 0.0 0.0 0.0 0.0 0.0 0.0 0.0 0.0 0.0 0.0 0.0 0.0 0.0 0.0 0.0 0.0 0.0 0.0 0.0 0.0 0.0 0.0 
0.0 0.0 0.0 0.0 0.0 0.0 0.0 0.0 0.0 0.0 0.0 0.0 0.0 0.0 0.0 0.0 0.0 0.0 0.0 0.0 0.0 0.0 0.0 0.0 0.04 0.04 0.04 0.08 0.08 0.08 0.08 0.08 0.08 0.08 0.08 0.08 0.08 0.08 0.08 0.08 0.04 0.04 0.04 0.0 0.0 0.0 0.0 0.0 0.0 0.0 0.0 0.0 0.0 0.0 0.0 0.0 0.0 0.0 0.0 0.0 0.0 0.0 0.0 0.0 0.0 0.0 0.0 0.0 0.0 0.0 0.0 0.0 0.0 0.0 0.0 0.0 0.0 0.0 0.0 0.0 0.0 0.0 0.0 0.0 0.0 0.0 0.0 0.0 0.0 0.0 0.0 0.0 0.0 0.0 0.0 0.0 0.0 0.0 0.0 0.0 
0.0 0.0 0.0 0.0 0.0 0.0 0.0 0.0 0.0 0.0 0.0 0.0 0.0 0.0 0.0 0.0 0.0 0.0 0.0 0.0 0.0 0.0 0.04 0.04 0.08 0.08 0.08 0.12 0.12 0.12 0.12 0.12 0.12 0.12 0.12 0.12 0.12 0.12 0.12 0.12 0.08 0.08 0.08 0.04 0.04 0.0 0.0 0.0 0.0 0.0 0.0 0.0 0.0 0.0 0.0 0.0 0.0 0.0 0.0 0.0 0.0 0.0 0.0 0.0 0.0 0.0 0.0 0.0 0.0 0.0 0.0 0.0 0.0 0.0 0.0 0.0 0.0 0.0 0.0 0.0 0.0 0.0 0.0 0.0 0.0 0.0 0.0 0.0 0.0 0.0 0.0 0.0 0.0 0.0 0.0 0.0 0.0 0.0 0.0 0.0 
0.0 0.0 0.0 0.0 0.0 0.0 0.0 0.0 0.0 0.0 0.0 0.0 0.0 0.0 0.0 0.0 0.0 0.0 0.0 0.0 0.04 0.04 0.08 0.08 0.12 0.12 0.12 0.16 0.16 0.16 0.16 0.16 0.16 0.16 0.16 0.16 0.16 0.16 0.16 0.16 0.12 0.12 0.12 0.08 0.08 0.04 0.04 0.0 0.0 0.0 0.0 0.0 0.0 0.0 0.0 0.0 0.0 0.0 0.0 0.0 0.0 0.0 0.0 0.0 0.0 0.0 0.0 0.0 0.0 0.0 0.0 0.0 0.0 0.0 0.0 0.0 0.0 0.0 0.0 0.0 0.0 0.0 0.0 0.0 0.0 0.0 0.0 0.0 0.0 0.0 0.0 0.0 0.0 0.0 0.0 0.0 0.0 0.0 0.0 0.0 
0.0 0.0 0.0 0.0 0.0 0.0 0.0 0.0 0.0 0.0 0.0 0.0 0.0 0.0 0.0 0.0 0.0 0.0 0.0 0.04 0.08 0.08 0.12 0.12 0.16 0.16 0.16 0.2 0.2 0.2 0.2 0.2 0.2 0.2 0.2 0.2 0.2 0.2 0.2 0.2 -1.0 -1.0 -1.0 0.12 0.12 0.08 0.08 0.04 0.0 0.0 0.0 0.0 0.0 0.0 0.0 0.0 0.0 0.0 0.0 0.0 0.0 0.0 0.0 0.0 0.0 0.0 0.0 0.0 0.0 0.0 0.0 0.0 0.0 0.0 0.0 0.0 0.0 0.0 0.0 0.0 0.0 0.0 0.0 0.0 0.0 0.0 0.0 0.0 0.0 0.0 0.0 0.0 0.0 0.0 0.0 0.0 0.0 0.0 0.0 0.0 
0.0 0.0 0.0 0.0 0.0 0.0 0.0 0.0 0.0 0.0 0.0 0.0 0.0 0.0 0.0 0.0 0.0 0.04 0.04 0.08 0.08 0.12 0.16 0.16 0.16 0.2 0.2 0.24 0.24 0.24 0.24 0.24 0.24 0.24 0.24 0.24 0.24 0.24 0.24 0.24 -1.0 -1.0 -1.0 0.16 0.16 0.12 0.08 0.08 0.04 0.04 0.0 0.0 0.0 0.0 0.0 0.0 0.0 0.0 0.0 0.0 0.0 0.0 0.0 0.0 0.0 0.0 0.0 0.0 0.0 0.0 0.0 0.0 0.0 0.0 0.0 0.0 0.0 0.0 0.0 0.0 0.0 0.0 0.0 0.0 0.0 0.0 0.0 0.0 0.0 0.0 0.0 0.0 0.0 0.0 0.0 0.0 0.0 0.0 0.0 0.0 
0.0 0.0 0.0 0.0 0.0 0.0 0.0 0.0 0.0 0.0 0.0 0.0 0.0 0.0 0.0 0.0 0.04 0.04 0.08 0.12 0.12 0.16 0.16 0.2 0.2 0.24 0.24 0.28 0.28 0.28 0.28 0.28 0.28 0.28 0.28 0.28 0.28 0.28 0.28 0.28 0.24 0.24 0.2 0.2 0.16 0.16 0.12 0.12 0.08 0.04 0.04 0.0 0.0 0.0 0.0 0.0 0.0 0.0 0.0 0.0 0.0 0.0 0.0 0.0 0.0 0.0 0.0 0.0 0.0 0.0 0.0 0.0 0.0 0.0 0.0 0.0 0.0 0.0 0.0 0.0 0.0 0.0 0.0 0.0 0.0 0.0 0.0 0.0 0.0 0.0 0.0 0.0 0.0 0.0 0.0 0.0 0.0 0.0 0.0 0.0 
0.0 0.0 0.0 0.0 0.0 0.0 0.0 0.0 0.0 0.0 0.0 0.0 0.0 0.0 0.0 0.04 0.04 0.08 0.12 0.12 0.16 0.2 0.2 0.24 0.24 0.28 0.28 0.28 0.32 0.32 0.32 -1.0 -1.0 0.32 0.32 0.32 0.32 0.32 0.32 0.28 0.28 0.28 0.24 0.24 0.2 0.2 0.16 0.12 0.12 0.08 0.04 0.04 0.0 0.0 0.0 0.0 0.0 0.0 0.0 0.0 0.0 0.0 0.0 0.0 0.0 0.0 0.0 0.0 0.0 0.0 0.0 0.0 0.0 0.0 0.0 0.0 0.0 0.0 0.0 0.0 0.0 0.0 0.0 0.0 0.0 0.0 0.0 0.0 0.0 0.0 0.0 0.0 0.0 0.0 0.0 0.0 0.0 0.0 0.0 0.0 
0.0 0.0 0.0 0.0 0.0 0.0 0.0 0.0 0.0 0.0 0.0 0.0 0.0 0.0 0.04 0.04 0.08 0.12 0.16 0.16 0.2 0.2 0.24 0.28 0.28 0.32 0.32 0.32 0.36 0.36 0.36 -1.0 -1.0 0.36 0.36 0.36 0.36 0.36 0.36 0.32 0.32 0.32 0.28 0.28 0.24 0.2 0.2 0.16 0.16 0.12 0.08 0.04 0.04 0.0 0.0 0.0 0.0 0.0 0.0 0.0 0.0 0.0 -1.0 -1.0 -1.0 0.0 0.0 0.0 0.0 0.0 0.0 0.0 0.0 0.0 0.0 0.0 0.0 0.0 0.0 0.0 0.0 0.0 0.0 0.0 0.0 0.0 0.0 0.0 0.0 0.0 0.0 0.0 0.0 0.0 0.0 0.0 0.0 0.0 0.0 0.0 
0.0 0.0 0.0 0.0 0.0 0.0 0.0 0.0 0.0 0.0 0.0 0.0 0.0 0.0 0.04 0.08 0.12 0.16 0.16 0.2 0.24 0.24 0.28 0.28 0.32 0.32 0.36 0.36 0.4 0.4 0.4 0.4 0.4 0.4 0.4 0.4 0.4 0.4 0.4 0.36 0.36 0.32 0.32 0.28 0.28 0.24 0.24 0.2 0.16 0.16 0.12 0.08 0.04 0.0 0.0 0.0 0.0 0.0 0.0 0.0 0.0 0.0 -1.0 -1.0 -1.0 0.0 0.0 0.0 0.0 0.0 0.0 0.0 0.0 0.0 0.0 0.0 0.0 0.0 0.0 0.0 0.0 0.0 0.0 0.0 0.0 0.0 0.0 0.0 0.0 0.0 0.0 0.0 0.0 0.0 0.0 0.0 0.0 0.0 0.0 0.0 
0.0 0.0 0.0 0.0 0.0 0.04 0.04 0.04 0.04 0.04 0.04 0.04 0.04 0.04 0.08 0.12 0.12 0.16 0.2 0.24 0.24 0.28 0.32 0.32 0.36 0.36 0.4 0.4 0.44 0.44 0.44 0.44 0.44 0.44 0.44 0.44 0.44 0.44 0.44 0.4 0.4 0.36 0.36 0.32 0.32 0.28 0.24 0.24 0.2 0.16 0.12 0.12 0.08 0.04 0.0 0.0 0.0 0.0 0.0 0.0 0.0 0.0 0.0 0.0 0.0 0.0 0.0 0.0 0.0 0.0 0.0 0.0 0.0 0.0 0.0 0.0 0.0 0.0 0.0 0.0 0.0 0.0 0.0 0.0 0.0 0.0 0.0 0.0 0.0 0.0 0.0 0.0 0.0 0.0 0.0 0.0 0.0 0.0 0.0 0.0 
0.0 0.0 0.04 0.04 0.04 0.08 0.08 0.08 0.08 0.08 0.08 0.08 0.08 0.08 0.08 0.12 0.16 0.2 0.24 0.24 0.28 0.32 0.32 0.36 0.4 0.4 0.44 0.44 0.48 0.48 0.48 0.48 0.48 0.48 0.48 0.48 0.48 0.48 0.48 0.44 0.44 0.4 0.4 0.36 0.32 0.32 0.28 0.24 0.24 0.2 0.16 0.12 0.08 0.08 0.04 0.0 0.0 0.0 0.0 0.0 0.0 0.0 0.0 0.0 0.0 0.0 0.0 0.0 0.0 0.0 0.0 0.0 0.0 0.0 0.0 0.0 0.0 0.0 0.0 0.0 0.0 0.0 0.0 0.0 0.0 0.0 0.0 0.0 0.0 0.0 0.0 0.0 0.0 0.0 0.0 0.0 0.0 0.0 0.0 0.0 
0.04 0.04 0.08 0.08 0.08 0.12 0.12 0.12 0.12 0.12 0.12 0.12 0.12 0.12 0.12 0.16 0.2 0.2 0.24 0.28 0.32 0.36 0.36 0.4 0.4 0.44 0.48 0.48 0.48 0.52 0.52 0.52 0.52 0.52 0.52 0.52 0.52 0.52 0.48 0.48 0.48 0.44 0.4 0.4 0.36 0.36 0.32 0.28 0.24 0.2 0.2 0.16 0.12 0.08 0.04 0.0 0.0 0.0 0.0 0.0 0.0 0.0 0.0 0.0 0.0 0.0 0.0 0.0 0.0 0.0 0.0 0.0 0.0 0.0 0.0 0.0 0.0 0.0 0.0 0.0 0.0 0.0 0.0 0.0 0.0 0.0 0.0 0.0 0.0 0.0 0.0 0.0 0.0 0.0 0.0 0.0 0.0 0.0 0.0 0.0 
0.08 0.08 0.12 0.12 0.12 0.16 0.16 0.16 0.16 0.16 0.16 0.16 0.16 0.16 0.16 0.16 0.2 0.24 0.28 0.32 0.32 0.36 0.4 0.44 0.44 0.48 0.48 0.52 0.52 0.56 0.56 0.56 0.56 0.56 0.56 0.56 0.56 0.56 0.52 0.52 0.48 0.48 0.44 0.44 0.4 0.36 0.32 0.32 0.28 0.24 0.2 0.16 0.16 0.12 0.08 0.04 0.0 0.0 0.0 0.0 0.0 0.0 0.0 0.0 0.0 0.0 0.0 0.0 0.0 0.0 0.0 0.0 0.0 0.0 0.0 0.0 0.0 0.0 0.0 0.0 0.0 0.0 0.0 0.0 0.0 0.0 0.0 0.0 0.0 0.0 0.0 0.0 0.0 0.0 0.0 0.0 0.0 0.0 0.0 0.0 
0.12 0.12 0.16 0.16 0.16 0.2 0.2 0.2 0.2 0.2 0.2 0.2 0.2 0.2 0.2 0.2 0.24 0.28 0.28 0.32 0.36 0.4 0.44 0.44 0.48 0.52 0.52 0.56 0.56 0.6 0.6 0.6 0.6 0.6 0.6 0.6 0.6 0.6 0.56 0.56 0.52 0.52 0.48 0.44 0.44 0.4 0.36 0.32 0.28 0.28 0.24 0.2 0.16 0.12 0.08 0.04 0.0 0.0 0.0 0.0 0.0 0.0 0.0 0.0 0.0 0.0 0.0 0.0 0.0 0.0 0.0 0.0 0.0 0.0 0.0 0.0 0.0 0.0 0.0 0.0 0.0 0.0 0.0 0.0 0.0 0.0 0.0 0.0 0.0 0.0 0.0 0.0 0.0 0.0 0.0 0.0 0.0 0.0 0.0 0.0 
0.16 0.16 0.16 0.2 0.2 0.24 0.24 0.24 0.24 0.24 0.24 0.24 0.24 0.24 0.24 0.24 0.24 0.28 0.32 0.36 0.4 0.4 0.44 0.48 0.52 0.52 0.56 0.6 0.6 0.64 0.64 0.64 0.64 0.64 0.64 0.64 0.64 0.64 0.6 0.6 0.56 0.52 0.52 0.48 0.44 0.4 0.4 0.36 0.32 0.28 0.24 0.2 0.16 0.16 0.12 0.08 0.04 0.0 0.0 0.0 0.0 0.0 0.0 0.0 0.0 0.0 0.0 0.0 0.0 0.0 0.0 0.0 0.0 0.0 0.0 0.0 0.0 0.0 0.0 0.0 0.0 0.0 0.0 0.0 0.0 0.0 0.0 0.0 0.0 0.0 0.0 0.0 0.0 0.0 0.0 0.0 0.0 0.0 0.0 0.0 
0.16 0.2 0.2 0.24 0.24 0.28 0.28 0.28 0.28 0.28 0.28 0.28 0.28 0.28 0.28 0.28 0.28 0.32 0.32 0.36 0.4 0.44 0.48 0.52 0.52 0.56 0.6 0.6 0.64 0.68 0.68 0.68 0.68 0.68 0.68 0.68 0.68 0.68 0.64 0.6 0.6 0.56 0.52 0.52 0.48 0.44 0.4 0.36 0.32 0.32 0.28 0.24 0.2 0.16 0.12 0.08 0.04 0.0 0.0 0.0 0.0 0.0 0.0 0.0 0.0 0.0 0.0 0.0 0.0 0.0 0.0 0.0 0.0 0.0 0.0 0.0 0.0 0.0 0.0 0.0 0.0 0.0 0.0 0.0 0.0 0.0 0.0 0.0 0.0 0.0 0.0 0.0 0.0 0.0 0.0 0.0 0.0 0.0 0.0 0.0 
0.2 0.24 0.24 0.28 0.28 0.28 0.32 0.32 0.32 0.32 0.32 0.32 0.32 0.32 0.32 0.32 0.32 0.32 0.36 0.4 0.44 0.48 0.48 0.52 0.56 0.6 0.64 0.64 0.68 0.68 0.72 0.72 0.72 0.72 0.72 0.72 0.72 0.68 0.68 0.64 0.64 0.6 0.56 0.52 0.48 0.48 0.44 0.4 0.36 0.32 0.28 0.24 0.2 0.16 0.12 0.08 0.04 0.0 0.0 0.0 0.0 0.0 0.0 0.0 0.0 0.0 0.0 0.0 0.0 0.0 0.0 0.0 0.0 0.0 0.0 0.0 0.0 0.0 0.0 0.0 0.0 0.0 0.0 0.0 0.0 0.0 0.0 0.0 0.0 0.0 0.0 0.0 0.0 0.0 0.0 0.0 0.0 0.0 0.0 0.0 
0.24 0.28 0.28 0.32 0.32 0.32 0.36 0.36 0.36 0.36 0.36 0.36 0.36 0.36 0.36 0.36 0.36 0.32 0.36 0.4 0.44 0.48 0.52 0.56 0.6 0.6 0.64 0.68 0.72 0.72 0.76 0.76 0.76 0.76 0.76 0.76 0.76 0.72 0.72 0.68 0.64 0.6 0.6 0.56 0.52 0.48 0.44 0.4 0.36 0.32 0.28 0.28 0.24 0.2 0.16 0.12 0.08 0.04 0.0 0.0 0.0 0.0 0.0 0.0 0.0 0.0 0.0 0.0 0.0 0.0 0.0 0.0 0.0 0.0 0.0 0.0 0.0 0.0 0.0 0.0 0.0 0.0 0.0 0.0 0.0 0.0 0.0 0.0 0.0 0.0 0.0 0.0 0.0 0.0 0.0 0.0 0.0 0.0 0.0 0.0 
0.28 0.28 0.32 0.32 0.36 0.36 0.4 0.4 0.4 0.4 0.4 0.4 0.4 0.4 0.4 0.4 0.4 0.36 0.4 0.44 0.48 0.48 0.52 0.56 0.6 0.64 0.68 0.72 0.72 0.76 0.8 0.8 0.8 0.8 0.8 0.8 0.8 0.76 0.72 0.72 0.68 0.64 0.6 0.56 0.52 0.48 0.48 0.44 0.4 0.36 0.32 0.28 0.24 0.2 0.16 0.12 0.08 0.04 0.0 0.0 0.0 0.0 0.0 0.0 0.0 0.0 0.0 0.0 0.0 0.0 0.0 0.0 0.0 0.0 0.0 0.0 0.0 0.0 0.0 0.0 0.0 0.0 0.0 0.0 0.0 0.0 0.0 0.0 0.0 0.0 0.0 0.0 0.0 0.0 0.0 0.0 0.0 0.0 0.0 0.0 
0.32 0.32 0.36 0.36 0.4 0.4 0.44 0.44 0.44 0.44 0.44 0.44 0.44 0.44 0.44 0.44 0.44 0.4 0.4 0.44 0.48 0.52 0.56 0.6 0.64 0.68 0.68 0.72 0.76 0.8 0.8 0.84 0.84 0.84 0.84 0.84 0.8 0.8 0.76 0.72 0.68 0.68 0.64 0.6 0.56 0.52 0.48 0.44 0.4 0.36 0.32 0.28 0.24 0.2 0.16 0.12 0.08 0.04 0.0 0.0 0.0 0.0 0.0 0.0 0.0 0.0 0.0 0.0 0.0 0.0 0.0 0.0 0.0 0.0 0.0 0.0 0.0 0.0 0.0 0.0 0.0 0.0 0.0 0.0 0.0 0.0 0.0 0.0 0.0 0.0 0.0 0.0 0.0 0.0 0.0 0.0 0.0 0.0 0.0 0.0 
0.32 0.36 0.4 0.4 0.44 0.44 0.48 0.48 0.48 0.48 0.48 0.48 0.48 0.48 0.48 0.48 0.48 0.44 0.44 0.44 0.48 0.52 0.56 0.6 0.64 0.68 0.72 0.76 0.8 0.8 0.84 0.88 0.88 0.88 0.88 0.88 0.84 0.8 0.8 0.76 0.72 0.68 0.64 0.6 0.56 0.52 0.48 0.44 0.4 0.36 0.32 0.28 0.24 0.2 0.16 0.12 0.08 0.04 0.0 0.0 0.0 0.0 0.0 0.0 0.0 0.0 0.0 0.0 0.0 0.0 0.0 0.0 0.0 0.0 0.0 0.0 0.0 0.0 0.0 0.0 0.0 0.0 0.0 0.0 0.0 0.0 0.0 0.0 0.0 0.0 0.0 0.0 0.0 0.0 0.0 0.0 0.0 0.0 0.0 0.0 
0.36 0.4 0.4 0.44 0.48 0.48 0.48 0.52 0.52 0.52 -1.0 -1.0 0.52 -1.0 -1.0 0.52 0.48 0.48 0.48 0.44 0.48 0.52 0.56 0.6 0.64 0.68 0.72 0.76 0.8 0.84 0.88 0.92 0.92 0.92 0.92 0.92 0.88 0.84 0.8 0.76 0.72 0.68 0.64 0.6 0.56 0.52 0.48 0.44 0.4 0.36 0.32 0.28 0.24 0.2 0.16 0.12 0.08 0.04 0.0 0.0 0.0 0.0 0.0 0.0 0.0 0.0 0.0 0.0 0.0 0.0 0.0 0.0 0.0 0.0 0.0 0.0 0.0 0.0 0.0 0.0 0.0 0.0 0.0 0.0 0.0 0.0 0.0 0.0 0.0 0.0 0.0 0.0 0.0 0.0 0.0 0.0 0.0 0.0 0.0 0.0 
0.4 0.44 0.44 0.48 0.48 0.52 0.52 0.56 0.56 0.56 -1.0 -1.0 0.56 -1.0 -1.0 0.56 0.52 0.52 0.48 0.48 0.48 0.52 0.56 0.6 0.64 0.68 0.72 0.76 0.8 0.84 0.88 0.92 0.96 0.96 0.96 0.92 0.88 0.84 0.8 0.76 0.72 0.68 0.64 0.6 0.56 0.52 0.48 0.44 0.4 0.36 0.32 0.28 0.24 0.2 0.16 0.12 0.08 0.04 0.0 0.0 0.0 0.0 0.0 0.0 0.0 0.0 0.0 0.0 0.0 0.0 0.0 0.0 0.0 0.0 0.0 0.0 0.0 0.0 0.0 0.0 0.0 0.0 0.0 0.0 0.0 0.0 0.0 0.0 0.0 0.0 0.0 0.0 0.0 0.0 0.0 0.0 0.0 0.0 0.0 0.0 
0.44 0.44 0.48 0.52 0.52 0.56 0.56 0.6 0.6 0.6 -1.0 -1.0 0.6 -1.0 -1.0 0.6 0.56 0.56 0.52 0.52 0.48 0.52 0.56 0.6 0.64 0.68 0.72 0.76 0.8 0.84 0.88 0.92 0.96 1.0 0.96 0.92 0.88 0.84 0.8 0.76 0.72 0.68 0.64 0.6 0.56 0.52 0.48 0.44 0.4 0.36 0.32 0.28 0.24 0.2 0.16 0.12 0.08 0.04 0.0 0.0 0.0 0.0 0.0 0.0 0.0 0.0 0.0 0.0 0.0 0.0 0.0 0.0 0.0 0.0 0.0 0.0 0.0 0.0 0.0 0.0 0.0 0.0 0.0 0.0 0.0 0.0 0.0 0.0 0.0 0.0 0.0 0.0 0.0 0.0 0.0 0.0 0.0 0.0 0.0 0.0 
0.44 0.48 0.52 0.52 0.56 0.6 0.6 0.64 0.64 0.64 0.64 0.64 0.64 0.64 0.64 0.64 0.6 0.6 0.56 0.52 0.52 0.52 0.56 0.6 0.64 0.68 0.72 0.76 0.8 0.84 0.88 0.92 0.96 0.96 0.96 0.92 0.88 0.84 0.8 0.76 0.72 0.68 0.64 0.6 0.56 0.52 0.48 0.44 0.4 0.36 0.32 0.28 0.24 0.2 0.16 0.12 0.08 0.04 0.0 0.0 0.0 0.0 0.0 0.0 0.0 0.0 0.0 0.0 0.0 0.0 0.0 0.0 0.0 0.0 0.0 0.0 0.0 0.0 0.0 0.0 0.0 0.0 0.0 0.0 0.0 0.0 0.0 0.0 0.0 0.0 0.0 0.0 0.0 0.0 0.0 0.0 0.0 0.0 0.0 0.0 
0.48 0.52 0.52 0.56 0.6 0.6 0.64 0.68 0.68 0.68 0.68 0.68 0.68 0.68 0.68 0.68 0.64 0.6 0.6 0.56 0.52 0.52 0.56 0.6 0.64 0.68 0.72 0.76 0.8 0.84 0.88 0.92 0.92 0.92 0.92 0.92 0.88 0.84 0.8 0.76 0.72 0.68 0.64 0.6 0.56 0.52 0.48 0.44 0.4 0.36 0.32 0.28 0.24 0.2 0.16 0.12 0.08 0.04 0.0 0.0 0.0 0.0 0.0 0.0 0.0 0.0 0.0 0.0 0.0 0.0 0.0 0.0 0.0 0.0 0.0 0.0 0.0 0.0 0.0 0.0 0.0 0.0 0.0 0.0 0.0 0.0 0.0 0.0 0.0 0.0 0.0 0.0 0.0 0.0 0.0 0.0 0.0 0.0 0.0 0.0 
0.48 0.52 0.56 0.6 0.64 0.64 0.68 0.68 0.72 0.72 0.72 0.72 0.72 0.72 0.72 0.68 0.68 0.64 0.64 0.6 0.56 0.52 0.56 0.6 0.64 0.68 0.72 0.76 0.8 0.8 0.84 0.88 0.88 0.88 0.88 0.88 0.84 0.8 0.8 0.76 0.72 0.68 0.64 0.6 0.56 0.52 0.48 0.44 0.4 0.36 0.32 0.28 0.24 0.2 0.16 0.12 0.08 0.04 0.0 0.0 0.0 0.0 0.0 0.0 0.0 0.0 0.0 0.0 0.0 0.0 0.0 0.0 0.0 0.0 0.0 0.0 0.0 0.0 0.0 0.0 0.0 0.0 0.0 0.0 0.0 0.0 0.0 0.0 0.0 0.0 0.0 0.0 0.0 0.0 0.0 0.0 0.0 0.0 0.0 0.0 
0.52 0.56 0.6 0.6 0.64 0.68 0.72 0.72 0.76 0.76 0.76 0.76 0.76 0.76 0.76 0.72 0.72 0.68 0.64 0.6 0.6 0.56 0.56 0.6 0.64 0.68 0.68 0.72 0.76 0.8 0.8 0.84 0.84 0.84 0.84 0.84 0.8 0.8 0.76 0.72 0.68 0.68 0.64 0.6 0.56 0.52 0.48 0.44 0.4 0.36 0.32 0.28 0.24 0.2 0.16 0.12 0.08 0.04 0.0 0.0 0.0 0.0 0.0 0.0 0.0 0.0 0.0 0.0 0.0 0.0 0.0 0.0 0.0 0.0 0.0 0.0 0.0 0.0 0.0 0.0 0.0 0.0 0.0 0.0 0.0 0.0 0.0 0.0 0.0 0.0 0.0 0.0 0.0 0.0 0.0 0.0 0.0 0.0 0.0 0.0 
0.52 0.56 0.6 0.64 0.68 0.72 0.72 0.76 0.8 0.8 0.8 0.8 0.8 0.8 0.8 0.76 0.72 0.72 0.68 0.64 0.6 0.56 0.52 0.56 0.6 0.64 0.68 0.72 0.72 0.76 0.8 0.8 0.8 0.8 0.8 0.8 0.8 0.76 0.72 0.72 0.68 0.64 0.6 0.56 0.52 0.48 0.48 0.44 0.4 0.36 0.32 0.28 0.24 0.2 0.16 0.12 0.08 0.04 0.0 0.0 0.0 0.0 0.0 0.0 0.0 0.0 0.0 0.0 0.0 0.0 0.0 0.0 0.0 0.0 0.0 0.0 0.0 0.0 0.0 0.0 0.0 0.0 0.0 0.0 0.0 0.0 0.0 0.0 0.0 0.0 0.0 0.0 0.0 0.0 0.0 0.0 0.0 0.0 0.0 0.0 
0.56 0.6 0.64 0.68 0.68 0.72 0.76 0.8 0.8 0.84 0.84 0.84 0.84 0.84 0.8 0.8 0.76 0.72 0.68 0.68 0.64 0.6 0.56 0.56 0.6 0.6 0.64 0.68 0.72 0.72 0.76 0.76 0.76 0.76 0.76 0.76 0.76 0.72 0.72 0.68 0.64 0.6 0.6 0.56 0.52 0.48 0.44 0.4 0.36 0.32 0.28 0.28 0.24 0.2 0.16 0.12 0.08 0.04 0.0 0.0 0.0 0.0 0.0 0.0 0.0 0.0 0.0 0.0 0.0 0.0 0.0 0.0 0.0 0.0 0.0 0.0 0.0 0.0 0.0 0.0 0.0 0.0 0.0 0.0 0.0 0.0 0.0 0.0 0.0 0.0 0.0 0.0 0.0 0.0 0.0 0.0 0.0 0.0 0.0 0.0 
0.56 0.6 0.64 0.68 0.72 0.76 0.8 0.8 0.84 0.88 0.88 0.88 0.88 0.88 0.84 0.8 0.8 0.76 0.72 0.68 0.64 0.6 0.56 0.52 0.56 0.6 0.64 0.64 0.68 0.68 0.72 0.72 0.72 0.72 0.72 0.72 0.72 0.68 0.68 0.64 0.64 0.6 0.56 0.52 0.48 0.48 0.44 0.4 0.36 0.32 0.28 0.24 0.2 0.16 0.12 0.08 0.04 0.0 0.0 0.0 0.0 0.0 0.0 0.0 0.0 0.0 0.0 0.0 0.0 0.0 0.0 0.0 0.0 0.0 0.0 0.0 0.0 0.0 0.0 0.0 0.0 0.0 0.0 0.0 0.0 0.0 0.0 0.0 0.0 0.0 0.0 0.0 0.0 0.0 0.0 0.0 0.0 0.0 0.0 0.0 
0.56 0.6 0.64 0.68 0.72 0.76 0.8 0.84 0.88 0.92 0.92 0.92 0.92 0.92 0.88 0.84 0.8 0.76 0.72 0.68 0.64 0.6 0.56 0.52 0.52 0.56 0.6 0.6 0.64 0.68 0.68 0.68 0.68 0.68 0.68 0.68 0.68 0.68 0.64 0.6 0.6 0.56 0.52 0.52 0.48 0.44 0.4 0.36 0.32 0.32 0.28 0.24 0.2 0.16 0.12 0.08 0.04 0.0 0.0 0.0 0.0 0.0 0.0 0.0 0.0 0.0 0.0 0.0 0.0 0.0 0.0 0.0 0.0 0.0 0.0 0.0 0.04 0.04 0.04 0.04 0.04 0.04 0.04 0.04 0.04 0.04 0.04 0.04 0.04 0.0 0.0 0.0 0.0 0.0 0.0 0.0 0.0 0.0 0.0 0.0 
0.56 0.6 0.64 0.68 0.72 0.76 0.8 0.84 0.88 0.92 0.96 0.96 0.96 0.92 0.88 0.84 0.8 0.76 0.72 0.68 0.64 0.6 0.56 0.52 0.52 0.52 0.56 0.6 0.6 0.64 0.64 0.64 0.64 0.64 0.64 0.64 0.64 0.64 0.6 0.6 0.56 0.52 0.52 0.48 0.44 0.4 0.4 0.36 0.32 0.28 0.24 0.2 0.16 0.16 0.12 0.08 0.04 0.0 0.0 0.0 0.0 0.0 0.0 0.0 0.0 0.0 0.0 0.0 0.0 0.0 0.0 0.0 0.0 0.04 0.04 0.04 0.08 0.08 0.08 0.08 0.08 0.08 0.08 0.08 0.08 0.08 0.08 0.08 0.08 0.04 0.04 0.04 0.0 0.0 0.0 0.0 0.0 0.0 0.0 0.0 
0.56 0.6 0.64 0.68 0.72 0.76 0.8 0.84 0.88 0.92 0.96 1.0 0.96 0.92 0.88 0.84 0.8 0.76 0.72 0.68 0.64 0.6 0.56 0.52 0.48 0.52 0.52 0.56 0.56 0.6 0.6 0.6 0.6 0.6 0.6 0.6 0.6 0.6 0.56 0.56 0.52 0.52 0.48 0.44 0.44 0.4 0.36 0.32 0.28 0.28 0.24 0.2 0.16 0.12 0.08 0.04 0.0 0.0 0.0 0.0 0.0 0.0 0.0 0.0 0.0 0.0 0.0 0.0 0.0 0.0 0.0 0.04 0.04 0.08 0.08 0.08 0.12 0.12 0.12 0.12 0.12 0.12 0.12 0.12 0.12 0.12 0.12 0.12 0.12 0.08 0.08 0.08 0.04 0.04 0.0 0.0 0.0 0.0 0.0 0.0 
0.56 0.6 0.64 0.68 0.72 0.76 0.8 0.84 0.88 0.92 0.96 0.96 0.96 0.92 0.88 0.84 0.8 0.76 0.72 0.68 0.64 0.6 0.56 0.52 0.48 0.48 0.48 0.52 0.52 0.56 0.56 0.56 0.56 0.56 0.56 0.56 0.56 0.56 0.52 0.52 0.48 0.48 0.44 0.44 0.4 0.36 0.32 0.32 0.28 0.24 0.2 0.16 0.16 0.12 0.08 0.04 0.0 0.0 0.0 0.0 0.0 0.0 0.0 0.0 0.0 0.0 0.0 0.0 0.0 0.04 0.04 0.08 0.08 0.12 0.12 0.12 0.16 0.16 0.16 0.16 0.16 0.16 0.16 0.16 0.16 0.16 0.16 0.16 0.16 0.12 0.12 0.12 0.08 0.08 0.04 0.04 0.0 0.0 0.0 0.0 
0.56 0.6 0.64 0.68 0.72 0.76 0.8 0.84 0.88 0.92 0.92 0.92 0.92 0.92 0.88 0.84 0.8 0.76 0.72 0.68 0.64 0.6 0.56 0.52 0.48 0.44 0.48 0.48 0.48 0.52 0.52 0.52 0.52 0.52 0.52 0.52 0.52 0.52 0.48 0.48 0.48 0.44 0.4 0.4 0.36 0.36 0.32 0.28 0.24 0.2 0.2 0.16 0.12 0.08 0.04 0.0 0.0 0.0 0.0 0.0 0.0 0.0 0.0 0.0 0.0 0.0 0.0 0.0 0.04 0.08 0.08 0.12 0.12 0.16 0.16 0.16 0.2 0.2 0.2 0.2 0.2 0.2 0.2 0.2 0.2 0.2 0.2 0.2 0.2 0.16 0.16 0.16 0.12 0.12 0.08 0.08 0.04 0.0 0.0 0.0 
0.56 0.6 0.64 0.68 0.72 0.76 0.8 0.8 0.84 0.88 0.88 0.88 0.88 0.88 0.84 0.8 0.8 0.76 0.72 0.68 0.64 0.6 0.56 0.52 0.48 0.44 0.44 0.44 0.48 0.48 0.48 0.48 0.48 0.48 0.48 0.48 0.48 0.48 0.48 0.44 0.44 0.4 0.4 0.36 0.32 0.32 0.28 0.24 0.24 0.2 0.16 0.12 0.08 0.08 0.04 0.0 0.0 0.0 0.0 0.0 0.0 0.0 0.0 0.0 0.0 0.0 0.04 0.04 0.08 0.08 0.12 0.16 0.16 0.16 0.2 0.2 0.24 0.24 0.24 0.24 0.24 0.24 0.24 0.24 0.24 0.24 0.24 0.24 0.24 0.2 0.2 0.16 0.16 0.16 0.12 0.08 0.08 0.04 0.04 0.0 
0.56 0.6 0.64 0.68 0.68 0.72 0.76 0.8 0.8 0.84 0.84 0.84 0.84 0.84 0.8 0.8 0.76 0.72 0.68 0.68 0.64 0.6 0.56 0.52 0.48 0.44 0.4 0.4 0.44 0.44 0.44 0.44 0.44 0.44 0.44 0.44 0.44 0.44 0.44 0.4 0.4 0.36 0.36 0.32 0.32 0.28 0.24 0.24 0.2 0.16 0.12 0.12 0.08 0.04 0.0 0.0 0.0 0.0 0.0 0.0 0.0 0.0 0.0 0.0 0.0 0.04 0.04 0.08 0.12 0.12 0.16 0.16 0.2 0.2 0.24 0.24 0.28 0.28 0.28 0.28 0.28 0.28 0.28 0.28 0.28 0.28 0.28 0.28 0.28 0.24 0.24 0.2 0.2 0.16 0.16 0.12 0.12 0.08 0.04 0.04 
0.52 0.56 0.6 0.64 0.68 0.72 0.72 0.76 0.8 0.8 0.8 0.8 0.8 0.8 0.8 0.76 0.72 0.72 0.68 0.64 0.6 0.56 0.52 0.48 0.48 0.44 0.4 0.36 0.4 0.4 0.4 0.4 0.4 0.4 0.4 0.4 0.4 0.4 0.4 0.36 0.36 0.32 0.32 0.28 0.28 0.24 0.24 0.2 0.16 0.16 0.12 0.08 0.04 0.0 0.0 0.0 0.0 0.0 0.0 0.0 0.0 0.0 0.0 0.0 0.04 0.04 0.08 0.12 0.12 0.16 0.2 0.2 0.24 0.24 0.28 0.28 0.28 0.32 0.32 0.32 0.32 0.32 0.32 0.32 0.32 0.32 0.32 0.32 0.28 0.28 0.28 0.24 0.24 0.2 0.2 0.16 0.12 0.12 0.08 0.04 
0.52 0.56 0.6 0.6 0.64 0.68 0.72 0.72 0.76 0.76 0.76 0.76 0.76 0.76 0.76 0.72 0.72 0.68 0.64 0.6 0.6 0.56 0.52 0.48 0.44 0.4 0.36 0.32 0.36 0.36 0.36 0.36 0.36 0.36 0.36 0.36 0.36 0.36 0.36 0.32 0.32 0.32 0.28 0.28 0.24 0.2 0.2 0.16 0.16 0.12 0.08 0.04 0.04 0.0 0.0 0.0 0.0 0.0 0.0 0.0 0.0 0.0 0.0 0.04 0.04 0.08 0.12 0.16 0.16 0.2 0.2 0.24 0.28 0.28 0.32 0.32 0.32 0.36 0.36 0.36 0.36 0.36 0.36 0.36 0.36 0.36 0.36 0.36 0.32 0.32 0.32 0.28 0.28 0.24 0.2 0.2 0.16 0.16 0.12 0.08 
0.48 0.52 0.56 0.6 0.64 0.64 0.68 0.68 0.72 0.72 0.72 0.72 0.72 0.72 0.72 0.68 0.68 0.64 0.64 0.6 0.56 0.52 0.48 0.48 0.44 0.4 0.36 0.32 0.32 0.32 0.32 0.32 0.32 0.32 0.32 0.32 0.32 0.32 0.32 0.28 0.28 0.28 0.24 0.24 0.2 0.2 0.16 0.12 0.12 0.08 0.04 0.04 0.0 0.0 0.0 0.0 0.0 0.0 0.0 0.0 0.0 0.0 0.0 0.04 0.08 0.12 0.16 0.16 0.2 0.24 0.24 0.28 0.28 0.32 0.32 0.36 0.36 0.4 0.4 0.4 0.4 0.4 0.4 0.4 0.4 0.4 0.4 0.4 0.36 0.36 0.32 0.32 0.28 0.28 0.24 0.24 0.2 0.16 0.16 0.12 
0.48 0.52 0.52 0.56 0.6 0.6 0.64 0.68 0.68 0.68 0.68 0.68 0.68 0.68 0.68 0.68 0.64 0.6 0.6 0.56 0.52 0.52 0.48 0.44 0.4 0.36 0.32 0.32 0.28 0.28 0.28 0.28 0.28 0.28 0.28 0.28 0.28 0.28 0.28 0.28 0.24 0.24 0.2 0.2 0.16 0.16 0.12 0.12 0.08 0.04 0.04 0.0 0.0 0.0 0.0 0.0 0.0 0.0 0.0 0.0 0.0 0.0 0.04 0.08 0.12 0.12 0.16 0.2 0.24 0.24 0.28 0.32 0.32 0.36 0.36 0.4 0.4 0.44 0.44 0.44 0.44 0.44 0.44 0.44 0.44 0.44 0.44 0.44 0.4 0.4 0.36 0.36 0.32 0.32 0.28 0.24 0.24 0.2 0.16 0.12 
0.44 0.48 0.52 0.52 0.56 0.6 0.6 0.64 0.64 0.64 0.64 0.64 0.64 0.64 0.64 0.64 0.6 0.6 0.56 0.52 0.52 0.48 0.44 0.4 0.4 0.36 0.32 0.28 0.24 0.24 0.24 0.24 0.24 0.24 0.24 0.24 0.24 0.24 0.24 0.24 0.2 0.2 0.16 0.16 0.16 0.12 0.08 0.08 0.04 0.04 0.0 0.0 0.0 0.0 0.0 0.0 0.0 0.0 0.0 0.0 0.0 0.04 0.08 0.08 0.12 0.16 0.2 0.24 0.24 0.28 0.32 0.32 0.36 0.4 0.4 0.44 0.44 0.48 0.48 0.48 0.48 0.48 0.48 0.48 0.48 0.48 0.48 0.48 0.44 0.44 0.4 0.4 0.36 0.32 0.32 0.28 0.24 0.24 0.2 0.16 
0.44 0.44 0.48 0.52 0.52 0.56 0.56 0.6 0.6 0.6 0.6 0.6 0.6 0.6 0.6 0.6 0.56 0.56 0.52 0.52 0.48 0.44 0.44 0.4 0.36 0.32 0.28 0.28 0.24 0.2 0.2 0.2 0.2 0.2 0.2 0.2 0.2 0.2 0.2 0.2 0.16 0.16 0.16 0.12 0.12 0.08 0.08 0.04 0.0 0.0 0.0 0.0 0.0 0.0 0.0 0.0 0.0 0.0 0.0 0.0 0.0 0.04 0.08 0.12 0.16 0.2 0.2 0.24 0.28 0.32 0.36 0.36 0.4 0.4 0.44 0.48 0.48 0.48 0.52 0.52 0.52 0.52 0.52 0.52 0.52 0.52 0.52 0.48 0.48 0.48 0.44 0.4 0.4 0.36 0.36 0.32 0.28 0.24 0.2 0.2 
0.4 0.44 0.44 0.48 0.48 0.52 0.52 0.56 0.56 0.56 0.56 0.56 0.56 0.56 0.56 0.56 0.52 0.52 0.48 -1.0 -1.0 -1.0 0.4 0.36 0.32 0.32 0.28 0.24 0.2 0.16 0.16 0.16 0.16 0.16 0.16 0.16 0.16 0.16 0.16 0.16 0.12 0.12 0.12 0.08 0.08 0.04 0.04 0.0 0.0 0.0 0.0 0.0 0.0 0.0 0.0 0.0 0.0 0.0 0.0 0.0 0.04 0.08 0.12 0.16 0.16 0.2 0.24 0.28 0.32 0.32 0.36 0.4 0.44 0.44 0.48 0.48 0.52 0.52 0.56 0.56 0.56 0.56 0.56 0.56 0.56 0.56 0.56 0.52 0.52 0.48 0.48 0.44 0.44 0.4 0.36 0.32 0.32 -1.0 -1.0 0.2 
0.36 0.4 0.4 0.44 0.48 0.48 0.48 0.52 0.52 0.52 0.52 0.52 0.52 0.52 0.52 0.52 0.48 0.48 0.48 -1.0 -1.0 -1.0 0.36 0.36 0.32 0.28 0.24 0.2 0.2 0.16 0.12 0.12 0.12 0.12 0.12 0.12 0.12 0.12 0.12 0.12 0.08 0.08 0.08 0.04 0.04 0.0 0.0 0.0 0.0 0.0 0.0 0.0 0.0 0.0 0.0 0.0 0.0 0.0 0.0 0.0 0.04 0.08 0.12 0.16 0.2 0.24 0.28 0.28 0.32 0.36 0.4 0.44 0.44 0.48 0.52 0.52 0.56 0.56 0.6 0.6 0.6 0.6 0.6 0.6 0.6 0.6 0.6 0.56 0.56 0.52 0.52 0.48 0.44 0.44 0.4 0.36 0.32 -1.0 -1.0 0.24 
0.32 0.36 0.4 0.4 0.44 0.44 0.48 0.48 0.48 0.48 0.48 0.48 0.48 0.48 0.48 0.48 0.48 0.44 0.44 -1.0 -1.0 -1.0 0.32 0.32 0.28 0.24 0.24 0.2 0.16 0.12 0.08 0.08 0.08 0.08 0.08 0.08 0.08 0.08 0.08 0.08 0.04 0.04 0.04 0.0 0.0 0.0 0.0 0.0 0.0 0.0 0.0 0.0 0.0 0.0 0.0 0.0 0.0 0.0 0.0 0.04 0.08 0.12 0.16 0.16 0.2 0.24 0.28 0.32 0.36 0.4 0.4 0.44 0.48 0.52 0.52 0.56 0.6 0.6 0.64 0.64 0.64 0.64 0.64 0.64 0.64 0.64 0.64 0.6 0.6 0.56 0.52 0.52 0.48 0.44 0.4 0.4 0.36 0.32 0.28 0.24 
0.32 0.32 0.36 0.36 0.4 0.4 0.44 0.44 0.44 0.44 0.44 0.44 0.44 0.44 0.44 0.44 0.44 0.4 0.4 0.36 0.36 0.32 0.32 0.28 0.24 0.24 0.2 0.16 0.12 0.12 0.08 0.04 0.04 0.04 0.04 0.04 0.04 0.04 0.04 0.04 0.0 0.0 0.0 0.0 0.0 0.0 0.0 0.0 0.0 0.0 0.0 0.0 0.0 0.0 0.0 0.0 0.0 0.0 0.0 0.04 0.08 0.12 0.16 0.2 0.24 0.28 0.32 0.32 0.36 0.4 0.44 0.48 0.52 0.52 0.56 0.6 0.6 0.64 0.68 0.68 0.68 0.68 0.68 0.68 0.68 0.68 0.68 0.64 0.6 0.6 0.56 0.52 0.52 0.48 0.44 0.4 0.36 0.32 0.32 0.28 
0.28 0.28 0.32 0.32 0.36 0.36 0.4 0.4 0.4 0.4 0.4 0.4 0.4 0.4 0.4 0.4 0.4 0.36 0.36 0.32 0.32 0.28 0.28 0.24 0.24 0.2 0.16 0.16 0.12 0.08 0.04 0.04 0.0 0.0 0.0 0.0 0.0 0.0 0.0 0.0 0.0 0.0 0.0 0.0 0.0 0.0 0.0 0.0 0.0 0.0 0.0 0.0 0.0 0.0 0.0 0.0 0.0 0.0 0.0 0.04 0.08 0.12 0.16 0.2 0.24 0.28 0.32 0.36 0.4 0.44 0.48 0.48 0.52 0.56 0.6 0.64 0.64 0.68 0.68 0.72 0.72 0.72 0.72 0.72 0.72 0.72 0.68 0.68 0.64 0.64 0.6 0.56 0.52 0.48 0.48 0.44 0.4 0.36 0.32 0.28 
0.24 0.28 0.28 0.32 0.32 0.32 0.36 0.36 0.36 0.36 0.36 0.36 0.36 0.36 0.36 0.36 0.36 0.36 0.36 0.32 0.32 0.32 0.28 0.28 0.24 0.2 0.2 -1.0 -1.0 0.12 0.08 0.04 0.04 0.0 0.0 0.0 0.0 0.0 0.0 0.0 0.0 0.0 0.0 0.0 0.0 0.0 0.0 0.0 0.0 0.0 0.0 0.0 0.0 0.0 0.0 0.0 0.0 0.0 0.04 0.08 0.12 0.16 0.2 0.24 0.28 0.28 0.32 0.36 0.4 0.44 0.48 0.52 0.56 0.6 0.6 0.64 0.68 0.72 0.72 0.76 0.76 0.76 0.76 0.76 0.76 0.76 0.72 0.72 0.68 0.64 0.6 0.6 0.56 0.52 0.48 0.44 0.4 0.36 0.32 0.28 
0.24 0.24 0.28 0.28 0.32 0.32 0.36 0.36 0.4 0.4 0.4 0.4 0.4 0.4 0.4 0.4 0.4 0.4 0.4 0.36 0.36 0.32 0.32 0.28 0.28 0.24 0.24 -1.0 -1.0 0.16 0.12 0.08 0.04 0.0 0.0 0.0 0.0 0.0 0.0 0.0 0.0 0.0 0.0 0.0 0.0 0.0 0.0 0.0 0.0 0.0 0.0 0.0 0.0 0.0 0.0 0.0 0.0 0.0 0.04 0.08 0.12 0.16 0.2 0.24 0.28 0.32 0.36 0.4 0.44 0.48 0.48 0.52 0.56 0.6 0.64 0.68 0.72 0.72 0.76 0.8 0.8 0.8 0.8 0.8 0.8 0.8 0.76 0.72 0.72 0.68 0.64 0.6 0.56 0.52 0.48 0.48 0.44 0.4 0.36 0.32 
0.24 0.28 0.32 0.32 0.36 0.36 0.4 0.4 0.44 0.44 0.44 0.44 0.44 0.44 0.44 0.44 0.44 0.44 0.44 0.4 0.4 0.36 0.36 0.32 0.32 0.28 0.24 -1.0 -1.0 0.16 0.12 0.12 0.08 0.04 0.0 0.0 0.0 0.0 0.0 0.0 0.0 0.0 0.0 0.0 0.0 0.0 0.0 0.0 0.0 0.0 0.0 0.0 0.0 0.0 0.0 0.0 0.0 0.0 0.04 0.08 0.12 0.16 0.2 0.24 0.28 0.32 0.36 0.4 0.44 0.48 0.52 0.56 0.6 0.64 0.68 0.68 0.72 0.76 0.8 0.8 0.84 0.84 0.84 0.84 0.84 0.8 0.8 0.76 0.72 0.68 0.68 0.64 0.6 0.56 0.52 0.48 0.44 0.4 0.36 0.32 
0.28 0.32 0.32 0.36 0.4 0.4 0.44 0.44 0.48 0.48 0.48 0.48 0.48 0.48 0.48 0.48 0.48 0.48 0.48 0.44 0.44 0.4 0.4 0.36 0.32 0.32 0.28 0.24 0.24 0.2 0.16 0.12 0.08 0.08 0.04 0.0 0.0 0.0 0.0 0.0 0.0 0.0 0.0 0.0 0.0 0.0 0.0 0.0 0.0 0.0 0.0 0.0 0.0 0.0 0.0 0.0 0.0 0.0 0.04 0.08 0.12 0.16 0.2 0.24 0.28 0.32 0.36 0.4 0.44 0.48 0.52 0.56 0.6 0.64 0.68 0.72 0.76 0.8 0.8 0.84 0.88 0.88 0.88 0.88 0.88 0.84 0.8 0.8 0.76 0.72 0.68 0.64 0.6 0.56 0.52 0.48 0.44 0.4 0.36 0.32 
0.32 0.36 0.36 0.4 0.4 0.44 0.48 0.48 0.48 0.52 0.52 0.52 0.52 0.52 0.52 0.52 0.52 0.52 0.48 0.48 0.48 0.44 0.4 0.4 0.36 0.36 0.32 0.28 0.24 0.2 0.2 0.16 0.12 0.08 0.04 0.0 0.0 0.0 0.0 0.0 0.0 0.0 0.0 0.0 0.0 0.0 0.0 0.0 0.0 0.0 0.0 0.0 0.0 0.0 0.0 0.0 0.0 0.0 0.04 0.08 0.12 0.16 0.2 0.24 0.28 0.32 0.36 0.4 0.44 0.48 0.52 0.56 0.6 0.64 0.68 0.72 0.76 0.8 0.84 0.88 0.92 0.92 0.92 0.92 0.92 0.88 0.84 0.8 0.76 0.72 0.68 0.64 0.6 0.56 0.52 0.48 0.44 0.4 0.36 0.32 
0.32 0.36 0.4 0.44 0.44 0.48 0.48 0.52 0.52 0.56 0.56 0.56 0.56 0.56 0.56 0.56 0.56 0.56 0.52 0.52 0.48 0.48 0.44 0.44 0.4 0.36 0.32 0.32 0.28 0.24 0.2 0.16 0.16 0.12 0.08 0.04 0.0 0.0 0.0 0.0 0.0 0.0 0.0 0.0 0.0 0.0 0.0 0.0 0.0 0.0 0.0 0.0 0.0 0.0 0.0 0.0 0.0 0.0 0.04 0.08 0.12 0.16 0.2 0.24 0.28 0.32 0.36 0.4 0.44 0.48 0.52 0.56 0.6 0.64 0.68 0.72 0.76 0.8 0.84 0.88 0.92 0.96 0.96 0.96 0.92 0.88 0.84 0.8 0.76 0.72 0.68 0.64 0.6 0.56 0.52 0.48 0.44 0.4 0.36 0.32 
0.36 0.4 0.44 0.44 0.48 0.52 0.52 0.56 0.56 0.6 0.6 0.6 0.6 0.6 0.6 0.6 0.6 0.6 0.56 0.56 0.52 0.52 0.48 0.44 0.44 0.4 0.36 0.32 0.28 0.28 0.24 0.2 0.16 0.12 0.08 -1.0 -1.0 0.0 0.0 0.0 0.0 0.0 0.0 0.0 0.0 0.0 0.0 0.0 0.0 0.0 0.0 0.0 0.0 0.0 0.0 0.0 0.0 0.0 0.04 0.08 0.12 0.16 0.2 0.24 0.28 0.32 0.36 0.4 0.44 0.48 0.52 0.56 0.6 0.64 0.68 0.72 0.76 0.8 0.84 0.88 0.92 0.96 1.0 0.96 0.92 0.88 0.84 0.8 0.76 0.72 0.68 0.64 0.6 0.56 0.52 0.48 0.44 0.4 0.36 0.32 
0.4 0.4 0.44 0.48 0.52 0.52 0.56 0.6 0.6 0.64 0.64 0.64 0.64 0.64 0.64 0.64 0.64 0.64 0.6 0.6 0.56 0.52 0.52 0.48 0.44 0.4 0.4 0.36 0.32 0.28 0.24 0.2 0.16 0.16 0.12 -1.0 -1.0 0.0 0.0 0.0 0.0 0.0 0.0 0.0 0.0 0.0 0.0 0.0 0.0 0.0 0.0 0.0 0.0 0.0 0.0 0.0 0.0 0.0 0.04 0.08 0.12 0.16 0.2 0.24 0.28 0.32 0.36 0.4 0.44 0.48 0.52 0.56 0.6 0.64 0.68 0.72 0.76 0.8 0.84 0.88 0.92 0.96 0.96 0.96 0.92 0.88 0.84 0.8 0.76 0.72 0.68 0.64 0.6 0.56 0.52 0.48 0.44 0.4 0.36 0.32 
0.4 0.44 0.48 0.52 0.52 0.56 0.6 0.6 0.64 0.68 0.68 0.68 0.68 0.68 0.68 0.68 0.68 0.68 0.64 0.6 0.6 0.56 0.52 0.52 0.48 0.44 0.4 0.36 0.32 0.32 0.28 0.24 0.2 0.16 0.12 -1.0 -1.0 0.0 0.0 0.0 0.0 0.0 0.0 0.0 0.0 0.0 0.0 0.0 0.0 0.0 0.0 0.0 0.0 0.0 0.0 0.0 0.0 0.0 0.04 0.08 0.12 0.16 0.2 0.24 0.28 0.32 0.36 0.4 0.44 0.48 0.52 0.56 0.6 0.64 0.68 0.72 0.76 0.8 0.84 0.88 0.92 0.92 0.92 0.92 0.92 0.88 0.84 0.8 0.76 0.72 0.68 0.64 0.6 0.56 0.52 0.48 0.44 0.4 0.36 0.32 
0.44 0.48 0.48 0.52 0.56 0.6 0.64 0.64 0.68 0.68 0.72 0.72 0.72 0.72 0.72 0.72 0.72 0.68 0.68 0.64 0.64 0.6 0.56 0.52 0.48 0.48 0.44 0.4 0.36 0.32 0.28 0.24 0.2 0.16 0.12 0.08 0.04 0.0 0.0 0.0 0.0 0.0 0.0 0.0 0.0 0.0 0.0 0.0 0.0 0.0 0.0 0.0 0.0 0.0 0.0 0.0 0.0 0.0 0.04 0.08 0.12 0.16 0.2 0.24 0.28 0.32 0.36 0.4 0.44 0.48 0.52 0.56 0.6 0.64 0.68 0.72 0.76 0.8 0.8 0.84 0.88 0.88 0.88 0.88 0.88 0.84 0.8 0.8 0.76 0.72 0.68 0.64 0.6 0.56 0.52 0.48 0.44 0.4 0.36 0.32 
0.44 0.48 0.52 0.56 0.6 0.6 0.64 0.68 0.72 0.72 0.76 0.76 0.76 0.76 0.76 0.76 0.76 0.72 0.72 0.68 0.64 0.6 0.6 0.56 0.52 0.48 0.44 0.4 0.36 0.32 0.28 0.28 0.24 0.2 0.16 0.12 0.08 0.04 0.0 0.0 0.0 0.0 0.0 0.0 0.0 0.0 0.0 0.0 0.0 0.0 0.0 0.0 0.0 0.0 0.0 0.0 0.0 0.0 0.04 0.08 0.12 0.16 0.2 0.24 0.28 0.32 0.36 0.4 0.44 0.48 0.52 0.56 0.6 0.64 0.68 0.68 0.72 0.76 0.8 0.8 0.84 0.84 0.84 0.84 0.84 0.8 0.8 0.76 0.72 0.68 0.68 0.64 0.6 0.56 0.52 0.48 0.44 0.4 0.36 0.32 
0.48 0.48 0.52 0.56 0.6 0.64 0.68 0.72 0.72 0.76 0.8 0.8 0.8 0.8 0.8 0.8 0.8 0.76 0.72 0.72 0.68 0.64 0.6 0.56 0.52 0.48 0.48 0.44 0.4 0.36 0.32 0.28 0.24 0.2 0.16 0.12 0.08 0.04 0.0 0.0 0.0 0.0 0.0 0.0 0.0 0.0 0.0 0.0 0.0 0.0 0.0 0.0 0.0 0.0 0.0 0.0 0.0 0.0 0.04 0.08 0.12 0.16 0.2 0.24 0.28 0.32 0.36 0.4 0.44 0.48 0.48 0.52 0.56 0.6 0.64 0.68 0.72 0.72 0.76 0.8 0.8 0.8 0.8 0.8 0.8 0.8 0.76 0.72 0.72 0.68 0.64 0.6 0.56 0.52 0.48 0.48 0.44 0.4 0.36 0.32 
0.48 0.52 0.56 0.6 0.64 0.68 0.68 0.72 0.76 0.8 0.8 0.84 0.84 0.84 0.84 0.84 0.8 0.8 0.76 0.72 0.68 0.68 0.64 0.6 0.56 0.52 0.48 0.44 0.4 0.36 0.32 0.28 0.24 0.2 0.16 0.12 0.08 0.04 0.0 0.0 0.0 0.0 0.0 0.0 0.0 0.0 0.0 0.0 0.0 0.0 0.0 0.0 0.0 0.0 0.0 0.0 0.0 0.0 0.04 0.08 0.12 0.16 0.2 0.24 0.28 0.28 0.32 0.36 0.4 0.44 0.48 0.52 0.56 0.6 0.6 0.64 0.68 0.72 0.72 0.76 0.76 0.76 0.76 0.76 0.76 0.76 0.72 0.72 0.68 0.64 0.6 0.6 0.56 0.52 0.48 0.44 0.4 0.36 0.32 0.28 
0.48 0.52 0.56 0.6 0.64 0.68 0.72 0.76 0.8 0.8 0.84 0.88 0.88 0.88 0.88 0.88 0.84 0.8 0.8 0.76 0.72 0.68 0.64 0.6 0.56 0.52 0.48 0.44 0.4 0.36 0.32 0.28 0.24 0.2 0.16 0.12 0.08 0.04 0.0 0.0 0.0 0.0 0.0 0.0 0.0 0.0 0.0 0.0 0.0 0.0 0.0 0.0 0.0 0.0 0.0 0.0 0.0 0.0 0.0 0.04 0.08 0.12 0.16 0.2 0.24 0.28 0.32 0.36 0.4 0.44 0.48 0.48 0.52 0.56 0.6 0.64 0.64 0.68 0.68 0.72 0.72 0.72 0.72 0.72 0.72 0.72 0.68 0.68 0.64 0.64 0.6 0.56 0.52 0.52 0.48 0.44 0.4 0.4 0.36 0.32 
0.48 0.52 0.56 0.6 0.64 0.68 0.72 0.76 0.8 0.84 0.88 0.92 0.92 0.92 0.92 0.92 0.88 0.84 0.8 0.76 0.72 0.68 0.64 0.6 0.56 0.52 0.48 0.44 0.4 0.36 0.32 0.28 0.24 0.2 0.16 0.12 0.08 0.04 0.0 0.0 0.0 0.0 0.0 0.0 0.0 0.0 0.0 0.0 0.0 0.0 0.0 0.0 0.0 0.0 0.0 0.0 0.0 0.0 0.0 0.04 0.08 0.12 0.16 0.2 0.24 0.28 0.32 0.32 0.36 0.4 0.44 0.48 0.52 0.52 0.56 0.6 0.6 0.64 0.68 0.68 0.68 0.68 0.68 0.68 0.68 0.68 0.68 0.68 0.68 0.64 0.6 0.6 0.56 0.52 0.52 0.48 0.44 0.4 0.36 0.32 
0.48 0.52 0.56 0.6 0.64 0.68 0.72 0.76 0.8 0.84 0.88 0.92 0.96 0.96 0.96 0.92 0.88 0.84 0.8 0.76 0.72 0.68 0.64 0.6 0.56 0.52 0.48 0.44 0.4 0.36 0.32 0.28 0.24 0.2 0.16 0.12 0.08 0.04 0.0 0.0 0.0 0.0 0.0 0.0 0.0 0.0 0.0 0.0 0.0 0.0 0.0 0.0 0.0 0.0 0.0 0.0 0.0 0.0 0.0 0.04 0.08 0.12 0.16 0.16 0.2 0.24 0.28 0.32 0.36 0.4 0.4 0.44 0.48 0.52 0.52 0.56 0.6 0.64 0.64 0.68 0.68 0.72 0.72 0.72 0.72 0.72 0.72 0.72 0.68 0.68 0.64 0.64 0.6 0.56 0.52 0.48 0.48 0.44 0.4 0.36 
0.48 0.52 0.56 0.6 0.64 0.68 0.72 0.76 0.8 0.84 0.88 0.92 0.96 1.0 0.96 0.92 0.88 0.84 0.8 0.76 0.72 0.68 0.64 0.6 0.56 0.52 0.48 0.44 0.4 0.36 0.32 0.28 0.24 0.2 0.16 0.12 0.08 0.04 0.0 0.0 0.0 0.0 0.0 0.0 0.0 0.0 0.0 0.0 0.0 0.0 0.0 0.0 0.0 0.0 0.0 0.0 0.0 0.0 0.0 0.0 0.04 0.08 0.12 0.16 0.2 0.24 0.28 0.28 0.32 0.36 0.4 0.44 0.48 0.52 0.56 0.6 0.6 0.64 0.68 0.72 0.72 0.76 0.76 0.76 0.76 0.76 0.76 0.76 0.72 0.72 0.68 0.64 0.6 0.6 0.56 0.52 0.48 0.44 0.4 0.36 
0.48 0.52 0.56 0.6 0.64 0.68 0.72 0.76 0.8 0.84 0.88 0.92 0.96 0.96 0.96 0.92 0.88 0.84 0.8 0.76 0.72 0.68 0.64 0.6 0.56 0.52 0.48 0.44 0.4 0.36 0.32 0.28 0.24 0.2 0.16 0.12 0.08 0.04 0.0 0.0 0.0 0.0 0.0 0.0 0.0 0.0 0.0 0.0 0.0 0.0 0.0 0.0 0.0 0.0 0.0 0.0 0.0 0.0 0.0 0.0 0.04 0.08 0.12 0.16 0.2 0.24 0.28 0.32 0.36 0.4 0.44 0.48 0.48 0.52 0.56 0.6 0.64 0.68 0.72 0.72 0.76 0.8 0.8 0.8 0.8 0.8 0.8 0.8 0.76 0.72 0.72 0.68 0.64 0.6 0.56 0.52 0.48 0.48 0.44 0.4 
0.48 0.52 0.56 0.6 0.64 0.68 0.72 0.76 0.8 0.84 0.88 0.92 0.92 0.92 0.92 0.92 0.88 0.84 0.8 0.76 0.72 0.68 0.64 0.6 0.56 0.52 0.48 0.44 0.4 0.36 0.32 0.28 0.24 0.2 0.16 0.12 0.08 0.04 0.0 0.0 0.0 0.0 0.0 0.0 0.0 0.0 0.0 0.0 0.0 0.0 0.0 0.0 0.0 0.0 0.0 0.0 0.0 0.0 0.0 0.0 0.04 0.08 0.12 0.16 0.2 0.24 0.28 -1.0 -1.0 0.4 0.44 0.48 0.52 0.56 0.6 0.64 0.68 0.68 0.72 0.76 0.8 0.8 0.84 0.84 0.84 0.84 0.84 0.8 0.8 0.76 0.72 0.68 0.68 0.64 0.6 0.56 0.52 0.48 0.44 0.4 
0.48 0.52 0.56 0.6 0.64 0.68 0.72 0.76 0.8 0.8 0.84 0.88 0.88 0.88 0.88 0.88 0.84 0.8 0.8 0.76 0.72 0.68 0.64 0.6 0.56 0.52 0.48 0.44 0.4 0.36 0.32 0.28 0.24 0.2 0.16 0.12 0.08 0.04 0.0 0.0 0.0 0.0 0.0 0.0 0.0 0.0 0.0 0.0 0.0 0.0 -1.0 -1.0 0.0 0.0 0.0 0.0 0.0 0.0 0.0 0.0 0.04 0.08 0.12 0.16 0.2 0.24 0.28 -1.0 -1.0 0.4 0.44 0.48 0.52 0.56 0.6 0.64 0.68 0.72 0.76 0.8 0.8 0.84 0.88 0.88 0.88 0.88 0.88 0.84 0.8 0.8 0.76 0.72 0.68 0.64 0.6 0.56 0.52 0.48 0.44 0.4 
0.48 0.52 0.56 0.6 0.64 0.68 0.68 0.72 0.76 0.8 0.8 0.84 0.84 0.84 0.84 0.84 0.8 0.8 0.76 0.72 0.68 0.68 0.64 0.6 0.56 0.52 0.48 0.44 0.4 0.36 0.32 0.28 0.24 0.2 0.16 0.12 0.08 0.04 0.0 0.0 0.0 0.0 0.0 0.0 0.0 0.0 0.0 0.0 0.0 0.0 -1.0 -1.0 0.0 0.0 0.0 0.0 0.0 0.0 0.0 0.0 0.04 0.08 0.12 0.16 0.2 0.24 0.28 0.32 0.36 0.4 0.44 0.48 0.52 0.56 0.6 0.64 0.68 0.72 0.76 0.8 0.84 0.88 0.92 0.92 0.92 0.92 0.92 0.88 0.84 0.8 0.76 -1.0 -1.0 0.64 0.6 0.56 0.52 0.48 0.44 0.4 
0.48 0.48 0.52 0.56 0.6 0.64 0.68 0.72 0.72 0.76 0.8 0.8 0.8 0.8 0.8 0.8 0.8 0.76 0.72 0.72 0.68 0.64 0.6 0.56 0.52 0.48 0.48 0.44 0.4 0.36 0.32 0.28 0.24 0.2 0.16 0.12 0.08 0.04 0.0 0.0 0.0 0.0 0.0 0.0 0.0 0.0 0.0 0.0 0.0 0.0 -1.0 -1.0 0.0 0.0 0.0 0.0 0.0 0.0 0.0 0.0 0.04 0.08 0.12 0.16 0.2 0.24 0.28 0.32 0.36 0.4 0.44 0.48 0.52 0.56 0.6 0.64 0.68 0.72 0.76 0.8 0.84 0.88 0.92 0.96 0.96 0.96 0.92 0.88 0.84 0.8 0.76 -1.0 -1.0 0.64 0.6 0.56 0.52 0.48 0.44 0.4 
0.44 0.48 0.52 0.56 0.6 0.6 0.64 0.68 0.72 0.72 0.76 0.76 0.76 0.76 0.76 0.76 0.76 0.72 0.72 0.68 0.64 0.6 0.6 0.56 0.52 0.48 0.44 0.4 0.36 0.32 0.28 0.28 0.24 0.2 0.16 0.12 0.08 0.04 0.0 0.0 0.0 0.0 0.0 0.0 0.0 0.0 0.0 0.0 0.0 0.0 0.0 0.0 0.0 0.0 0.0 0.0 0.0 0.0 0.0 0.0 0.04 0.08 0.12 0.16 0.2 0.24 0.28 0.32 0.36 0.4 0.44 0.48 0.52 0.56 0.6 0.64 0.68 0.72 0.76 0.8 0.84 0.88 0.92 0.96 1.0 0.96 0.92 0.88 0.84 0.8 0.76 -1.0 -1.0 0.64 0.6 0.56 0.52 0.48 0.44 0.4 
0.44 0.48 0.48 0.52 0.56 0.6 0.64 0.64 0.68 0.68 0.72 0.72 0.72 0.72 0.72 0.72 0.72 0.68 0.68 0.64 0.64 0.6 0.56 0.52 0.48 0.48 0.44 0.4 0.36 0.32 0.28 0.24 0.2 0.16 0.12 0.08 0.04 0.0 0.0 0.0 0.0 0.0 0.0 0.0 0.0 0.0 0.0 0.0 0.0 0.0 0.0 0.0 0.0 0.0 0.0 0.0 0.0 0.0 0.0 0.0 0.04 0.08 0.12 0.16 0.2 0.24 0.28 0.32 0.36 0.4 0.44 0.48 0.52 0.56 0.6 0.64 0.68 0.72 0.76 0.8 0.84 0.88 0.92 0.96 0.96 0.96 0.92 0.88 0.84 0.8 0.76 0.72 0.68 0.64 0.6 0.56 0.52 0.48 0.44 0.4 
0.4 0.44 0.48 0.52 0.52 0.56 0.6 0.6 0.64 0.68 0.68 0.68 0.68 0.68 0.68 0.68 0.68 0.68 0.64 0.6 0.6 0.56 0.52 0.52 0.48 0.44 0.4 0.36 0.32 0.32 0.28 0.24 0.2 0.16 0.12 0.08 0.04 0.0 0.0 0.0 0.0 0.0 0.0 0.0 0.0 0.0 0.0 0.0 0.0 0.0 0.0 0.0 0.0 0.0 0.0 0.0 0.0 0.0 0.0 0.0 0.04 0.08 0.12 0.16 0.2 0.24 0.28 0.32 0.36 0.4 0.44 0.48 0.52 0.56 0.6 0.64 0.68 0.72 0.76 0.8 0.84 0.88 0.92 0.92 0.92 0.92 0.92 0.88 0.84 0.8 0.76 0.72 0.68 0.64 0.6 0.56 0.52 0.48 0.44 0.4 
0.4 0.4 0.44 0.48 0.52 0.52 0.56 0.6 0.6 0.64 0.64 0.64 0.64 0.64 0.64 0.64 0.64 0.64 0.6 0.6 0.56 0.52 0.52 0.48 0.44 0.4 0.4 0.36 0.32 0.28 0.24 0.2 0.16 0.16 0.12 0.08 0.04 0.0 0.0 0.0 0.0 0.0 0.0 0.0 0.0 0.0 0.0 0.0 0.0 0.0 0.0 0.0 0.0 0.0 0.0 0.0 0.0 0.0 0.0 0.0 0.04 0.08 0.12 0.16 0.2 0.24 0.28 0.32 0.36 0.4 0.44 0.48 0.52 0.56 0.6 0.64 0.68 0.72 0.76 0.8 0.8 0.84 0.88 0.88 0.88 0.88 0.88 0.84 0.8 0.8 0.76 0.72 0.68 0.64 0.6 0.56 0.52 0.48 0.44 0.4 
0.36 0.4 0.44 0.44 0.48 0.52 0.52 0.56 0.56 0.6 0.6 0.6 0.6 0.6 0.6 0.6 0.6 0.6 0.56 0.56 0.52 0.52 0.48 0.44 0.44 0.4 0.36 0.32 0.28 0.28 0.24 0.2 0.16 0.12 0.08 0.04 0.0 0.0 0.0 0.0 0.0 0.0 0.0 0.0 0.0 0.0 0.0 0.0 0.0 0.0 0.0 0.0 0.0 0.0 0.0 0.0 0.0 0.0 0.0 0.0 0.04 0.08 0.12 0.16 0.2 0.24 0.28 0.32 0.36 0.4 0.44 0.48 0.52 0.56 0.6 0.64 0.68 0.68 0.72 0.76 0.8 0.8 0.84 0.84 0.84 0.84 0.84 0.8 0.8 0.76 0.72 0.68 0.68 0.64 0.6 0.56 0.52 0.48 0.44 0.4 
0.32 0.36 0.4 0.44 0.44 0.48 0.48 0.52 0.52 0.56 0.56 0.56 0.56 0.56 0.56 0.56 0.56 0.56 0.52 0.52 0.48 0.48 0.44 0.44 0.4 0.36 0.32 0.32 0.28 0.24 0.2 0.16 0.16 0.12 0.08 0.04 0.0 0.0 0.0 0.0 0.0 0.0 0.0 0.0 0.0 0.0 0.0 0.0 0.0 0.0 0.0 0.0 0.0 0.0 0.0 0.0 0.0 0.0 0.0 0.0 0.04 0.08 0.12 0.16 0.2 0.24 0.28 0.32 0.36 0.4 0.44 0.48 0.48 0.52 0.56 0.6 0.64 0.68 0.72 0.72 0.76 0.8 0.8 0.8 0.8 0.8 0.8 0.8 0.76 0.72 0.72 0.68 0.64 0.6 0.56 0.52 0.48 0.48 0.44 0.4 
0.32 0.36 0.36 0.4 0.4 0.44 0.48 0.48 0.48 0.52 0.52 0.52 0.52 0.52 0.52 0.52 0.52 0.52 0.48 0.48 0.48 0.44 0.4 0.4 0.36 0.36 0.32 0.28 0.24 0.2 0.2 0.16 0.12 0.08 0.04 0.0 0.0 0.0 0.0 0.0 0.0 0.0 0.0 0.0 0.0 0.0 0.0 0.0 0.0 0.0 0.0 0.0 0.0 0.0 0.0 0.0 0.0 0.0 0.0 0.0 0.04 0.08 0.12 0.16 0.2 0.24 0.28 0.28 0.32 0.36 0.4 0.44 0.48 0.52 0.56 0.6 0.6 0.64 0.68 0.72 0.72 0.76 0.76 0.76 0.76 0.76 0.76 0.76 0.72 0.72 0.68 0.64 0.6 0.6 0.56 0.52 0.48 0.44 0.4 0.36 
0.28 0.32 0.32 0.36 0.4 0.4 0.44 0.44 0.48 0.48 0.48 0.48 0.48 0.48 0.48 0.48 0.48 0.48 0.48 0.44 0.44 0.4 0.4 0.36 0.32 0.32 0.28 0.24 0.24 0.2 0.16 0.12 0.08 0.08 0.04 0.0 0.0 0.0 0.0 0.0 0.0 0.0 0.0 0.0 0.0 0.0 0.0 0.0 0.0 0.0 0.0 0.0 0.0 0.0 0.0 0.0 0.0 0.0 0.0 0.0 0.0 0.04 0.08 0.12 0.16 0.2 0.24 0.28 0.32 0.36 0.4 0.44 0.48 0.48 0.52 0.56 0.6 0.64 0.64 0.68 0.68 0.72 0.72 0.72 0.72 0.72 0.72 0.72 0.68 0.68 0.64 0.64 0.6 0.56 0.52 0.48 0.48 0.44 0.4 0.36 
0.24 0.28 0.32 0.32 0.36 0.36 0.4 0.4 0.44 0.44 0.44 0.44 0.44 0.44 0.44 0.44 0.44 0.44 0.44 0.4 0.4 0.36 0.36 0.32 0.32 0.28 0.24 0.24 0.2 0.16 0.12 0.12 0.08 0.04 0.0 0.0 0.0 0.0 0.0 0.0 0.0 0.0 0.0 0.0 0.0 0.0 0.0 0.0 0.0 0.0 0.0 0.0 0.0 0.0 0.0 0.0 0.0 0.0 0.0 0.0 0.0 0.04 0.08 0.12 0.16 0.2 0.24 0.28 0.32 0.32 0.36 0.4 0.44 0.48 0.52 0.52 0.56 0.6 0.6 0.64 0.68 0.68 0.68 0.68 0.68 0.68 0.68 0.68 0.68 0.64 0.6 0.6 0.56 0.52 0.52 0.48 0.44 0.4 0.36 0.32 
0.24 0.24 0.28 0.28 0.32 0.32 0.36 0.36 0.4 0.4 0.4 0.4 0.4 0.4 0.4 0.4 0.4 0.4 0.4 0.36 0.36 0.32 0.32 0.28 0.28 0.24 0.24 0.2 0.16 0.16 0.12 0.08 0.04 0.0 0.0 0.0 0.0 0.0 0.0 0.0 0.0 0.0 0.0 0.0 0.0 0.0 0.0 0.0 0.0 0.0 0.0 0.0 0.0 0.0 0.0 0.0 0.0 0.0 0.0 0.0 0.0 0.04 0.08 0.12 0.16 0.16 0.2 0.24 0.28 0.32 0.36 0.4 0.4 0.44 0.48 0.52 0.52 0.56 0.6 0.6 0.64 0.64 0.64 0.64 0.64 0.64 0.64 0.64 0.64 0.6 0.6 0.56 0.52 0.52 0.48 0.44 0.4 0.4 0.36 0.32 
0.2 0.2 0.24 0.28 0.28 0.32 0.32 0.32 0.36 0.36 0.36 0.36 0.36 0.36 0.36 0.36 0.36 0.36 0.36 0.32 0.32 0.32 0.28 0.28 0.24 0.2 0.2 0.16 0.16 0.12 0.08 0.04 0.04 0.0 0.0 0.0 0.0 0.0 0.0 0.0 0.0 0.0 0.0 0.0 0.0 0.0 0.0 0.0 0.0 0.0 0.0 0.0 0.0 0.0 0.0 0.0 0.0 0.0 0.0 0.0 0.0 0.0 0.04 0.08 0.12 0.16 0.2 0.24 0.28 0.28 0.32 0.36 0.4 0.44 0.44 0.48 0.52 0.52 0.56 0.56 0.6 0.6 0.6 0.6 0.6 0.6 0.6 0.6 0.6 0.56 0.56 0.52 0.52 0.48 0.44 0.44 0.4 0.36 0.32 0.28 
