matrix:100,100
25
cible:5
start(92,86)
start(40,77)
start(36,73)
start(63,86)
start(20,42)
matrix::
0.0 0.0 0.0 0.0 0.0 0.0 0.0 0.0 0.0 0.0 0.0 0.0 0.0 0.0 0.0 0.0 0.0 0.0 0.0 0.0 0.0 0.0 0.0 0.0 0.0 0.0 0.0 0.0 0.0 0.0 0.0 0.0 0.0 0.0 0.0 0.0 0.0 0.0 0.0 0.0 0.0 0.0 0.0 0.0 0.0 0.0 0.0 0.0 0.0 0.0 0.0 0.0 0.0 0.0 0.0 0.0 0.0 0.0 0.0 0.0 0.0 0.0 0.0 0.0 0.0 0.0 0.0 0.0 0.0 0.0 0.0 0.0 0.0 0.0 0.0 0.0 0.0 0.0 0.0 0.0 0.0 0.0 0.0 0.0 0.0 0.0 0.0 0.0 0.0 0.0 0.0 0.0 0.0 0.0 0.0 0.0 0.0 0.0 0.0 0.0 
0.0 0.0 0.0 0.0 0.0 0.0 0.0 0.0 0.0 0.0 0.0 0.0 0.0 0.0 0.0 0.0 0.0 0.0 0.0 0.0 0.0 0.0 0.0 0.0 0.0 0.0 0.0 0.0 0.0 0.0 0.0 0.0 0.0 0.0 0.0 0.0 0.0 0.0 0.0 0.0 0.0 0.0 0.0 0.0 0.0 0.0 0.0 0.0 0.0 0.0 0.0 0.0 0.0 0.0 0.0 0.0 0.0 0.0 0.0 0.0 0.0 0.0 0.0 0.0 0.0 0.0 0.0 0.0 0.0 0.0 0.0 0.0 0.0 0.0 0.0 0.0 0.0 0.0 0.0 0.0 0.0 0.0 0.0 0.0 0.0 0.0 0.0 0.0 0.0 0.0 0.0 0.0 0.0 0.0 0.0 0.0 0.0 0.0 0.0 0.0 
0.0 0.0 0.0 0.0 0.0 0.0 0.0 0.0 0.0 0.0 0.0 0.0 0.0 0.0 0.0 0.0 0.0 0.0 0.0 0.0 0.0 0.0 0.0 0.0 0.0 0.0 0.0 0.0 0.0 0.0 0.0 0.0 0.0 0.0 0.0 0.0 0.0 0.0 0.0 0.0 0.0 0.0 0.0 0.0 0.0 0.0 0.0 0.0 0.0 0.0 0.0 0.0 0.0 0.0 0.0 0.0 0.0 0.0 0.0 0.0 0.0 0.0 0.0 0.0 0.0 0.0 0.0 0.0 0.0 0.0 0.0 0.0 0.0 0.0 0.0 0.0 0.0 0.0 0.0 0.0 0.0 0.0 0.0 0.0 0.0 0.0 0.0 0.0 0.0 0.0 0.0 0.0 0.0 0.0 0.0 0.0 0.0 0.0 0.0 0.0 
0.0 0.0 0.0 0.0 0.0 0.0 0.0 0.0 0.0 0.0 0.0 0.0 0.0 0.0 0.0 0.0 0.0 0.0 0.0 0.0 0.0 0.0 0.0 0.0 0.0 0.0 0.0 0.0 0.0 0.0 0.0 0.0 0.0 0.0 0.0 0.0 0.0 0.0 0.0 0.0 0.0 0.0 0.0 0.0 0.0 0.0 0.0 0.0 0.0 0.0 0.0 0.0 0.0 0.0 0.0 0.0 0.0 0.0 0.0 0.0 0.0 0.0 0.0 0.0 0.0 0.0 0.0 0.0 0.0 0.0 0.0 0.0 0.0 0.0 0.0 0.0 0.0 0.0 0.0 0.0 0.0 0.0 0.0 0.0 0.0 0.0 0.0 0.0 0.0 0.0 0.0 0.0 0.0 0.0 0.0 0.0 0.0 0.0 0.0 0.0 
0.0 0.0 0.0 0.0 0.0 0.0 0.0 0.0 0.0 0.0 0.0 0.0 0.0 0.0 0.0 0.0 0.0 0.0 0.0 0.0 0.0 0.0 0.0 0.0 0.0 0.0 0.0 0.0 0.0 0.0 0.0 0.0 0.0 0.0 0.0 0.0 0.0 0.0 0.0 0.0 0.0 0.0 0.0 0.0 0.0 0.0 0.0 0.0 0.0 0.0 0.0 0.0 0.0 0.0 0.0 0.0 0.0 0.0 0.0 0.0 0.0 0.0 0.0 0.0 0.0 0.0 0.0 0.0 0.0 0.0 0.0 0.0 0.0 0.0 0.0 0.0 0.0 0.0 0.0 0.0 0.0 0.0 0.0 0.0 0.0 0.0 0.0 0.0 0.0 0.0 0.0 0.0 0.0 0.0 0.0 0.0 0.0 0.0 0.0 0.0 
0.0 0.0 0.0 0.0 0.0 0.0 0.0 0.0 0.0 0.0 0.0 0.0 0.0 0.0 0.0 0.0 0.0 0.0 0.0 0.0 0.0 0.0 0.0 0.0 0.0 0.0 0.0 0.0 0.0 0.0 0.0 0.0 0.0 0.0 0.0 0.0 0.0 0.0 0.0 0.0 0.0 0.0 0.0 0.0 0.0 0.0 0.0 0.0 0.0 0.0 0.0 0.0 0.0 0.0 0.0 0.0 0.0 0.0 0.0 0.0 0.0 0.0 0.0 0.0 0.0 0.0 0.0 0.0 0.0 0.0 0.0 0.0 0.0 0.0 0.0 0.0 0.0 0.0 0.0 0.0 0.0 0.0 0.0 0.0 0.0 0.0 0.0 0.0 0.0 0.0 0.0 0.0 0.0 0.0 0.0 0.0 0.0 0.0 0.0 0.0 
0.0 0.0 0.0 0.0 0.0 0.0 0.0 0.0 0.0 0.0 0.0 0.0 0.0 0.0 0.0 0.0 0.0 0.0 0.0 0.0 0.0 0.0 0.0 0.0 0.0 0.0 0.0 0.0 0.0 0.0 0.0 0.0 0.0 0.0 0.0 0.0 0.0 0.0 0.0 0.0 0.0 0.0 0.0 0.0 0.0 0.0 0.0 0.0 0.0 0.0 0.0 0.0 0.0 0.0 0.0 0.0 0.0 0.0 0.0 0.0 0.0 0.0 0.0 0.0 0.0 0.0 0.0 0.0 0.0 0.0 0.0 0.0 0.0 0.0 0.0 0.0 0.0 0.0 0.0 0.0 0.0 0.0 0.0 0.0 0.0 0.0 0.0 0.0 0.0 0.0 0.0 0.0 0.0 0.0 0.0 0.0 0.0 0.0 0.0 0.0 
0.0 0.0 0.0 0.0 0.0 0.0 0.0 0.0 0.0 0.0 0.0 0.0 0.0 0.0 0.0 0.0 0.0 0.0 0.0 0.0 0.0 0.0 0.0 0.0 0.0 0.0 0.0 0.0 0.0 0.0 0.0 0.0 0.0 0.0 0.0 0.0 0.0 0.0 0.0 0.0 0.0 0.0 0.0 0.0 0.0 0.0 0.0 0.0 0.0 0.0 0.0 0.0 0.0 0.0 0.0 0.0 0.0 0.0 0.0 0.0 0.0 0.0 0.0 0.0 0.0 0.0 0.0 0.0 0.0 0.0 0.0 0.0 0.0 0.0 0.0 0.0 0.0 0.0 0.0 0.0 0.0 0.0 0.0 0.0 0.0 0.0 0.0 0.0 0.0 0.0 0.0 0.0 0.0 0.0 0.0 0.0 0.0 0.0 0.0 0.0 
0.0 0.0 0.0 0.0 0.0 0.0 0.0 0.0 0.0 0.0 0.0 0.0 0.0 0.0 0.0 0.0 0.0 0.0 0.0 0.0 0.0 0.0 0.0 0.0 0.0 0.0 0.0 0.0 0.0 0.0 0.0 0.0 0.0 0.0 0.0 0.0 0.0 0.0 0.0 0.0 0.0 0.0 0.0 0.0 0.0 0.0 0.0 0.0 0.0 0.0 0.0 0.0 0.0 0.0 0.0 0.0 0.0 0.0 0.0 0.0 0.0 0.0 0.0 0.0 0.0 0.0 0.0 0.0 0.0 0.0 0.0 0.0 0.0 0.0 0.0 0.0 0.0 0.0 0.0 0.0 0.0 0.0 0.0 0.0 0.0 0.0 0.0 0.0 0.0 0.0 0.0 0.0 0.0 0.0 0.0 0.0 0.0 0.0 0.0 0.0 
0.0 0.0 0.0 0.0 0.0 0.0 0.0 0.0 0.0 0.0 0.0 0.0 0.0 0.0 0.0 0.0 0.0 0.0 0.0 0.0 0.0 0.0 0.0 0.0 0.0 0.0 0.0 0.0 0.0 0.0 0.0 0.0 0.0 0.0 0.0 0.0 0.0 0.0 0.0 0.0 0.0 0.0 0.0 0.0 0.0 0.0 0.0 0.0 0.0 0.0 0.0 0.0 0.0 0.0 0.0 0.0 0.0 0.0 0.0 0.0 0.0 0.0 0.0 0.0 0.0 0.0 0.0 0.0 0.0 0.0 0.0 0.0 0.0 0.0 0.0 0.0 0.0 0.0 0.0 0.0 0.0 0.0 0.0 0.0 0.0 0.0 0.0 0.0 0.0 0.0 0.0 0.0 0.0 0.0 0.0 0.0 0.0 0.0 0.0 0.0 
0.0 0.0 0.0 0.0 0.0 0.0 0.0 0.0 0.0 0.0 0.0 0.0 0.0 0.0 0.0 0.0 0.0 0.0 0.0 0.0 0.0 0.0 0.0 0.0 0.0 0.0 0.0 0.0 0.0 0.0 0.0 0.0 0.0 0.0 0.0 0.0 0.0 0.0 0.0 0.0 0.0 0.0 0.0 0.0 0.0 0.0 0.0 0.0 0.0 0.0 0.0 0.0 0.0 0.0 0.0 0.0 0.0 0.0 0.0 0.0 0.0 0.0 0.0 0.0 0.0 0.0 0.0 0.0 0.0 0.0 0.0 0.0 0.0 0.0 0.0 0.0 0.0 0.0 0.0 0.0 0.0 0.0 0.0 0.0 0.0 0.0 0.0 0.0 0.0 0.0 0.0 0.0 0.0 0.0 0.0 0.0 0.0 0.0 0.0 0.0 
0.0 0.0 0.0 0.0 0.0 0.0 0.0 0.0 0.0 0.0 0.0 0.0 0.0 0.0 0.0 0.0 0.0 0.0 0.0 0.0 0.0 0.0 0.0 0.0 0.0 0.0 0.0 0.0 0.0 0.0 0.0 0.0 0.0 0.0 0.0 0.0 0.0 0.0 0.0 0.0 0.0 0.0 0.0 0.0 0.0 0.0 0.0 0.0 0.0 0.0 0.0 0.0 0.0 0.0 0.0 0.0 0.0 0.0 0.0 0.0 0.0 0.0 0.0 0.0 0.0 0.0 0.0 0.0 0.0 0.0 0.0 0.0 0.0 0.0 0.0 0.0 0.0 0.0 0.0 0.0 0.0 0.0 0.0 0.0 0.0 0.0 0.0 0.0 0.0 0.0 0.0 0.0 0.0 0.0 0.0 0.0 0.0 0.0 0.0 0.0 
0.0 0.0 0.0 0.0 0.0 0.0 0.0 0.0 0.0 0.0 0.0 0.0 0.0 0.0 0.0 0.0 0.0 0.0 0.0 0.0 0.0 0.0 0.0 0.0 0.0 0.0 0.0 0.0 0.0 0.0 0.0 0.0 0.0 0.0 0.0 0.0 0.0 0.0 0.0 0.0 0.0 0.0 0.0 0.0 0.0 0.0 0.0 0.0 0.0 0.0 0.0 0.0 0.0 0.0 0.0 0.0 0.0 0.0 0.0 0.0 0.0 0.0 0.0 0.0 0.0 0.0 0.0 0.0 0.0 0.0 0.0 0.0 0.0 0.0 0.0 0.0 0.0 0.0 0.0 0.0 0.0 0.0 0.0 0.0 0.0 0.0 0.0 0.0 0.0 0.0 0.0 0.0 0.0 0.0 0.0 0.0 0.0 0.0 0.0 0.0 
0.0 0.0 0.0 0.0 0.0 0.0 0.0 0.0 0.0 0.0 0.0 0.0 0.0 0.0 0.0 0.0 0.0 0.0 0.0 0.0 0.0 0.0 0.0 0.0 0.0 0.0 0.0 0.0 0.0 0.0 0.0 0.0 0.0 0.0 0.0 0.0 0.0 0.0 0.0 0.0 0.0 0.0 0.0 0.0 0.0 0.0 0.0 0.0 0.0 0.0 0.0 0.0 0.0 0.0 0.0 0.0 0.0 0.0 0.0 0.0 0.0 0.0 0.0 0.0 0.0 0.0 0.0 0.0 0.0 0.0 0.0 0.0 0.0 0.0 0.0 0.0 0.0 0.0 0.0 0.0 0.0 0.0 0.0 0.0 0.0 0.0 0.0 0.0 0.0 0.0 0.0 0.0 0.0 0.0 0.0 0.0 0.0 0.0 0.0 0.0 
0.0 0.0 0.0 0.0 0.0 0.0 0.0 0.0 0.0 0.0 0.0 0.0 0.0 0.0 0.0 0.0 0.0 0.0 0.0 0.0 0.0 0.0 0.0 0.0 0.0 0.0 0.0 0.0 0.0 0.0 0.0 0.0 0.0 0.0 0.0 0.0 0.0 0.0 0.0 0.0 0.0 0.0 0.0 0.0 0.0 0.0 0.0 0.0 0.0 0.0 0.0 0.0 0.0 0.0 0.0 0.0 0.0 0.0 0.0 0.0 0.0 0.0 0.0 0.0 0.0 0.0 0.0 0.0 0.0 0.0 0.0 0.0 0.0 0.0 0.0 0.0 0.0 0.0 0.0 0.0 0.0 0.0 0.0 0.0 0.0 0.0 0.0 0.0 0.0 0.0 0.0 0.0 0.0 0.0 0.0 0.0 0.0 0.0 0.0 0.0 
0.0 0.0 0.0 0.0 0.0 0.0 0.0 0.0 0.0 0.0 0.0 0.0 0.0 0.0 0.0 0.0 0.0 0.0 0.0 0.0 0.0 0.0 0.0 0.0 0.0 0.0 0.0 0.0 0.0 0.0 0.0 0.0 0.0 0.0 0.0 0.0 0.0 0.0 0.0 0.0 0.0 0.0 0.0 0.0 0.0 0.0 0.0 0.0 0.0 0.0 0.0 0.0 0.0 0.0 0.0 0.0 0.0 0.0 0.0 0.0 0.0 0.0 0.0 0.0 0.0 0.0 0.0 0.0 0.0 0.0 0.0 0.0 0.0 0.0 0.0 0.0 0.0 0.0 0.0 0.0 0.0 0.0 0.0 0.0 0.0 0.0 0.0 0.0 0.0 0.0 0.0 0.0 0.0 0.0 0.0 0.0 0.0 0.0 0.0 0.0 
0.0 0.0 0.0 0.0 0.0 0.0 0.0 0.0 0.0 0.0 0.0 0.0 0.0 0.0 0.0 0.0 0.0 0.0 0.0 0.0 0.0 0.0 0.0 0.0 0.0 0.0 0.0 0.0 0.0 0.0 0.0 0.0 0.0 0.0 0.0 0.0 0.0 0.0 0.0 0.0 0.0 0.0 0.0 0.0 0.0 0.0 0.0 0.0 0.0 0.0 0.0 0.0 0.0 0.0 0.0 0.0 0.0 0.0 0.0 0.0 0.0 0.0 0.0 0.0 0.0 0.0 0.0 0.0 0.0 0.0 0.0 0.0 0.0 0.0 0.0 0.0 0.0 0.0 0.0 0.0 0.0 0.0 0.0 0.0 0.0 0.0 0.0 0.0 0.0 0.0 0.0 0.0 0.0 0.0 0.0 0.0 0.0 0.0 0.0 0.0 
0.0 0.0 0.0 0.0 0.0 0.0 0.0 0.0 0.0 0.0 0.0 0.0 0.0 0.0 0.0 0.0 0.0 0.0 0.0 0.0 0.0 0.0 0.0 0.0 0.0 0.0 0.0 0.0 0.0 0.0 0.0 0.0 0.0 0.0 0.0 0.0 0.0 0.0 0.0 0.0 0.0 0.0 0.0 0.0 0.0 0.0 0.0 0.0 0.0 0.0 0.0 0.0 0.0 0.0 0.0 0.0 0.0 0.0 0.0 0.0 0.0 0.0 0.0 0.0 0.0 0.0 0.0 0.0 0.0 0.0 0.0 0.0 0.0 0.0 0.0 0.0 0.0 0.0 0.0 0.0 0.0 0.0 0.0 0.0 0.0 0.0 0.0 0.0 0.0 0.0 0.0 0.0 0.0 0.0 0.0 0.0 0.0 0.0 0.0 0.0 
0.0 0.0 0.0 0.0 0.0 0.0 0.0 0.0 0.0 0.0 0.0 0.0 0.0 0.0 0.04 0.04 0.04 0.04 0.04 0.04 0.04 0.04 0.04 0.04 0.04 0.04 0.04 0.0 0.0 0.0 0.0 0.0 0.0 0.0 0.0 0.0 0.0 0.0 0.0 0.0 0.0 0.0 0.0 0.0 0.0 0.0 0.0 0.0 0.0 0.0 0.0 0.0 0.0 0.0 0.0 0.0 0.0 0.0 0.0 0.0 0.0 0.0 0.0 0.0 0.0 0.0 0.0 0.0 0.0 0.0 0.0 0.0 0.0 0.0 0.0 0.0 0.0 0.0 0.0 0.0 0.0 0.0 0.0 0.0 0.0 0.0 0.0 0.0 0.0 0.0 0.0 0.0 0.0 0.0 0.0 0.0 0.0 0.0 0.0 0.0 
0.0 0.0 0.0 0.0 0.0 0.0 0.0 0.0 0.0 0.0 0.0 0.04 0.04 0.04 0.08 0.08 0.08 0.08 0.08 0.08 0.08 0.08 0.08 0.08 0.08 0.08 0.08 0.04 0.04 0.04 0.0 0.0 0.0 0.0 0.0 0.0 0.0 0.0 0.0 0.0 0.0 0.0 0.0 0.0 0.0 0.0 0.0 0.0 0.0 0.0 0.0 0.0 0.0 0.0 0.0 0.0 0.0 0.0 0.0 0.0 0.0 0.0 0.0 0.0 0.0 0.0 0.0 0.0 0.0 0.0 0.0 0.0 0.0 0.0 0.0 0.0 0.0 0.0 0.0 0.0 0.0 0.0 0.0 0.0 0.0 0.0 0.0 0.0 0.0 0.0 0.0 0.0 0.0 0.0 0.0 0.0 0.0 0.0 0.0 0.0 
0.0 0.0 0.0 0.0 0.0 0.0 0.0 0.0 0.0 0.04 0.04 0.08 0.08 0.08 0.12 0.12 0.12 0.12 0.12 0.12 0.12 0.12 0.12 0.12 0.12 0.12 0.12 0.08 0.08 0.08 0.04 0.04 0.0 0.0 0.0 0.0 0.0 0.0 0.0 0.0 0.0 0.0 0.0 0.0 0.0 0.0 0.0 0.0 0.0 0.0 0.0 0.0 0.0 0.0 0.0 0.0 0.0 0.0 0.0 0.0 0.0 0.0 0.0 0.0 0.0 0.0 0.0 0.0 0.0 0.0 0.0 0.0 0.0 0.0 0.0 0.0 0.0 0.0 0.0 0.0 0.0 0.0 0.0 0.0 0.0 0.0 0.0 0.0 0.0 0.0 0.0 0.0 0.0 0.0 0.0 0.0 0.0 0.0 0.0 0.0 
0.0 0.0 0.0 0.0 0.0 0.0 0.0 0.04 0.04 0.08 0.08 0.12 0.12 0.12 0.16 0.16 0.16 0.16 0.16 0.16 0.16 0.16 0.16 0.16 0.16 0.16 0.16 0.12 0.12 0.12 0.08 0.08 0.04 0.04 0.0 0.0 0.0 0.0 0.0 0.0 0.0 0.0 0.0 0.0 0.0 0.0 0.0 0.0 0.0 0.0 0.0 0.0 0.0 0.0 0.0 0.0 0.0 0.0 0.0 0.0 0.0 0.0 0.0 0.0 0.0 0.0 0.0 0.0 0.0 0.0 0.0 0.0 0.0 0.0 0.0 0.0 0.0 0.0 0.0 0.0 0.0 0.0 0.0 0.0 0.0 0.0 0.0 0.0 0.0 0.0 0.0 0.0 0.0 0.0 0.0 0.0 0.0 0.0 0.0 0.0 
0.0 0.0 0.0 0.0 0.0 0.0 0.04 0.08 0.08 0.12 0.12 0.16 0.16 0.16 0.2 0.2 0.2 0.2 0.2 0.2 0.2 0.2 0.2 0.2 0.2 0.2 0.2 0.16 0.16 0.16 0.12 0.12 0.08 0.08 0.04 0.0 0.0 0.0 0.0 0.0 0.0 0.0 0.0 0.0 0.0 0.0 0.0 0.0 0.0 0.0 0.0 0.0 0.0 0.0 0.0 0.0 0.0 0.0 0.0 0.0 0.0 0.0 0.0 0.0 0.0 0.0 0.0 0.0 0.0 0.0 0.0 0.0 0.0 0.0 0.0 0.0 0.0 0.0 0.0 0.0 0.0 0.0 0.0 0.0 0.0 0.0 0.0 0.0 0.0 0.0 0.0 0.0 0.0 0.0 0.0 0.0 0.0 0.0 0.0 0.0 
0.0 0.0 0.0 0.0 0.04 0.04 0.08 0.08 0.12 0.16 0.16 0.16 0.2 0.2 0.24 0.24 0.24 0.24 0.24 0.24 0.24 0.24 0.24 0.24 0.24 0.24 0.24 0.2 0.2 0.16 0.16 0.16 0.12 0.08 0.08 0.04 0.04 0.0 0.0 0.0 0.0 0.0 0.0 0.0 0.0 0.0 0.0 0.0 0.0 0.0 0.0 0.0 0.0 0.0 0.0 0.0 0.0 0.0 0.0 0.0 0.0 0.0 0.0 0.0 0.0 0.0 0.0 0.0 0.0 0.0 0.0 0.0 0.0 0.0 0.0 0.0 0.0 0.0 0.0 0.0 0.0 0.0 0.0 0.0 0.0 0.0 0.0 0.0 0.0 0.0 0.0 0.0 0.0 0.0 0.0 0.0 0.0 0.0 0.0 0.0 
0.0 0.0 0.0 0.04 0.04 0.08 0.12 0.12 0.16 0.16 0.2 0.2 0.24 0.24 0.28 0.28 0.28 0.28 0.28 0.28 0.28 0.28 0.28 0.28 0.28 0.28 0.28 0.24 0.24 0.2 0.2 0.16 0.16 0.12 0.12 0.08 0.04 0.04 0.0 0.0 0.0 0.0 0.0 0.0 0.0 0.0 0.0 0.0 0.0 0.0 0.0 0.0 0.0 0.0 0.0 0.0 0.0 0.0 0.0 0.0 0.0 0.0 0.0 0.0 0.0 0.0 0.0 0.0 0.0 0.0 0.0 0.0 0.0 0.0 0.0 0.0 0.0 0.0 0.0 0.0 0.0 0.0 0.0 0.0 0.0 0.0 0.0 0.0 0.0 0.0 0.0 0.0 0.0 0.0 0.0 0.0 0.0 0.0 0.0 0.0 
0.0 0.0 0.04 0.04 0.08 0.12 0.12 0.16 0.2 0.2 0.24 0.24 0.28 0.28 0.28 0.32 0.32 0.32 0.32 0.32 0.32 0.32 0.32 0.32 0.32 0.32 0.28 0.28 0.28 0.24 0.24 0.2 0.2 0.16 0.12 0.12 0.08 0.04 0.04 0.0 0.0 0.0 0.0 0.0 0.0 0.0 0.0 0.0 0.0 0.0 0.0 0.0 0.0 0.0 0.0 0.0 0.0 0.0 0.0 0.0 0.0 0.0 0.0 0.0 0.0 0.0 0.0 0.0 0.0 0.0 0.0 0.0 0.0 0.0 0.0 0.0 0.0 0.0 0.0 0.0 0.0 0.0 0.0 0.0 0.0 0.0 0.0 0.0 0.0 0.0 0.0 0.0 0.0 0.0 0.0 0.0 0.0 0.0 0.0 0.0 
0.0 0.04 0.04 0.08 0.12 0.16 0.16 0.2 0.2 0.24 0.28 0.28 0.32 0.32 0.32 0.36 0.36 0.36 0.36 0.36 0.36 0.36 0.36 0.36 0.36 0.36 0.32 0.32 0.32 0.28 0.28 0.24 0.2 0.2 0.16 0.16 0.12 0.08 0.04 0.04 0.0 0.0 0.0 0.0 0.0 0.0 0.0 0.0 0.0 0.0 0.0 0.0 0.0 0.0 0.0 0.0 0.0 0.0 0.0 0.0 0.0 0.0 0.0 0.0 0.0 0.0 0.0 0.0 0.0 0.0 0.0 0.0 0.0 0.0 0.0 0.0 0.0 0.0 0.0 0.0 0.0 0.0 0.0 0.0 0.0 0.0 0.0 0.0 0.0 0.0 0.0 0.0 0.0 0.0 0.0 0.0 0.0 0.0 0.0 0.0 
0.0 0.04 0.08 0.12 0.16 0.16 0.2 0.24 0.24 0.28 0.28 0.32 0.32 0.36 0.36 0.4 0.4 0.4 0.4 0.4 0.4 0.4 0.4 0.4 0.4 0.4 0.36 0.36 0.32 0.32 0.28 0.28 0.24 0.24 0.2 0.16 0.16 0.12 0.08 0.04 0.0 0.0 0.0 0.0 0.0 0.0 0.0 0.0 0.0 0.0 0.0 0.0 0.0 0.0 0.0 0.0 0.0 0.0 0.0 0.0 0.0 0.0 0.0 0.0 0.0 0.0 0.0 0.0 0.0 0.0 0.0 0.0 0.0 0.0 0.0 0.0 0.0 0.0 0.0 0.0 0.0 0.0 0.0 0.0 0.0 0.0 0.0 0.0 0.0 0.0 0.0 0.0 0.0 0.0 0.0 0.0 0.0 0.0 0.0 0.0 
0.04 0.08 0.12 0.12 0.16 0.2 0.24 0.24 0.28 0.32 0.32 0.36 0.36 0.4 0.4 0.44 0.44 0.44 0.44 0.44 0.44 0.44 0.44 0.44 0.44 0.44 0.4 0.4 0.36 0.36 0.32 0.32 0.28 0.24 0.24 0.2 0.16 0.12 0.12 0.08 0.04 0.0 0.0 0.0 0.0 0.0 0.0 0.0 0.0 0.0 0.0 0.0 0.0 0.0 0.0 0.0 0.0 0.0 0.0 0.0 0.0 0.0 0.0 0.0 0.0 0.0 0.0 0.0 0.0 0.0 0.0 0.0 0.0 0.0 0.0 0.0 0.0 0.0 0.0 0.0 0.0 0.0 0.0 0.0 0.0 0.0 0.0 0.0 0.0 0.0 0.0 0.0 0.0 0.0 0.0 0.0 0.0 0.0 0.0 0.0 
0.08 0.08 0.12 0.16 0.2 0.24 0.24 0.28 0.32 0.32 0.36 0.4 0.4 0.44 0.44 0.48 0.48 0.48 0.48 0.48 0.48 0.48 0.48 0.48 0.48 0.48 0.44 0.44 0.4 0.4 0.36 0.32 0.32 0.28 0.24 0.24 0.2 0.16 0.12 0.08 0.08 0.04 0.0 0.0 0.0 0.0 0.0 0.0 0.0 0.0 0.0 0.0 0.0 0.0 0.0 0.0 0.0 0.0 0.0 0.0 0.0 0.0 0.0 0.0 0.0 0.0 0.0 0.0 0.0 0.0 0.0 0.0 0.0 0.0 0.0 0.0 0.0 0.0 0.0 0.0 0.0 0.0 0.0 0.0 0.0 0.0 0.0 0.0 0.0 0.0 0.0 0.0 0.0 0.0 0.0 0.0 0.0 0.0 0.0 0.0 
0.08 0.12 0.16 0.2 0.2 0.24 0.28 0.32 0.36 0.36 0.4 0.4 0.44 0.48 0.48 0.48 0.52 0.52 0.52 0.52 0.52 0.52 0.52 0.52 0.52 0.48 0.48 0.48 0.44 0.4 0.4 0.36 0.36 0.32 0.28 0.24 0.2 0.2 0.16 0.12 0.08 0.04 0.0 0.0 0.0 0.0 0.0 0.0 0.0 0.0 0.0 0.0 0.0 0.0 0.0 0.0 0.0 0.0 0.0 0.0 0.0 0.0 0.0 0.0 0.0 0.0 0.0 0.0 0.0 0.0 0.0 0.0 0.0 0.0 0.0 0.0 0.0 0.0 0.0 0.0 0.0 0.0 0.0 0.0 0.0 0.0 0.0 0.0 0.0 0.0 0.0 0.0 0.0 0.0 0.0 0.0 0.0 0.0 0.0 0.0 
0.12 0.16 0.16 0.2 0.24 0.28 0.32 0.32 0.36 0.4 0.44 0.44 0.48 0.48 0.52 0.52 0.56 0.56 0.56 0.56 0.56 0.56 0.56 0.56 0.56 0.52 0.52 0.48 0.48 0.44 0.44 0.4 0.36 0.32 0.32 0.28 0.24 0.2 0.16 0.16 0.12 0.08 0.04 0.0 0.0 0.0 0.0 0.0 0.0 0.0 0.0 0.0 0.0 0.0 0.0 0.0 0.0 0.0 0.0 0.0 0.0 0.0 0.0 0.0 0.0 0.0 0.0 0.0 0.0 0.0 0.0 0.0 0.0 0.0 0.0 0.0 0.0 0.0 0.0 0.0 0.0 0.0 0.0 0.0 0.0 0.0 0.0 0.0 0.0 0.0 0.0 0.0 0.0 0.0 0.0 0.0 0.0 0.0 0.0 0.0 
0.12 0.16 0.2 0.24 0.28 0.28 0.32 0.36 0.4 0.44 0.44 0.48 0.52 0.52 0.56 0.56 0.6 0.6 0.6 0.6 0.6 0.6 0.6 0.6 0.6 0.56 0.56 0.52 0.52 0.48 0.44 0.44 0.4 0.36 0.32 0.28 0.28 0.24 0.2 0.16 0.12 0.08 0.04 0.0 0.0 0.0 0.0 0.0 0.0 0.0 0.0 0.0 0.0 0.0 0.0 0.0 0.0 0.0 0.0 0.0 0.0 0.0 0.0 0.0 0.0 0.0 0.0 0.0 0.0 0.0 0.0 0.0 0.0 0.0 0.0 0.0 0.0 0.0 0.0 0.0 0.0 0.0 0.0 0.0 0.0 0.0 0.0 0.0 0.0 0.0 0.0 0.0 0.0 0.0 0.0 0.0 0.0 0.0 0.0 0.0 
0.16 0.16 0.2 0.24 0.28 0.32 0.36 0.4 0.4 0.44 0.48 0.52 0.52 0.56 0.6 0.6 0.64 0.64 0.64 0.64 0.64 0.64 0.64 0.64 0.64 0.6 0.6 0.56 0.52 0.52 0.48 0.44 0.4 0.4 0.36 0.32 0.28 0.24 0.2 0.16 0.16 0.12 0.08 0.04 0.0 0.0 0.0 0.0 0.0 0.0 0.0 0.0 0.0 0.0 0.0 0.0 0.0 0.0 0.0 0.0 0.0 0.0 0.0 0.0 0.0 0.0 0.0 0.0 0.0 0.0 0.0 0.0 0.0 0.0 0.0 0.0 0.0 0.0 0.0 0.0 0.0 0.0 0.0 0.0 0.0 0.0 0.0 0.0 0.0 0.0 0.0 0.0 0.0 0.0 0.0 0.0 0.0 0.0 0.0 0.0 
0.16 0.2 0.24 0.28 0.32 0.32 0.36 0.4 0.44 0.48 0.52 0.52 0.56 0.6 0.6 0.64 0.68 0.68 0.68 0.68 0.68 0.68 0.68 0.68 0.68 0.64 0.6 0.6 0.56 0.52 0.52 0.48 0.44 0.4 0.36 0.32 0.32 0.28 0.24 0.2 0.16 0.12 0.08 0.04 0.0 0.0 0.0 0.0 0.0 0.0 0.0 0.0 0.0 0.0 0.0 0.0 0.0 0.0 0.0 0.0 0.0 0.0 0.0 0.0 0.0 0.0 0.0 0.0 0.0 0.0 0.0 0.0 0.0 0.0 0.0 0.0 0.0 0.0 0.0 0.0 0.0 0.0 0.0 0.0 0.0 0.0 0.0 0.0 0.0 0.0 0.0 0.0 0.0 0.0 0.0 0.0 0.0 0.0 0.0 0.0 
0.16 0.2 0.24 0.28 0.32 0.36 0.4 0.44 0.48 0.48 0.52 0.56 0.6 0.64 0.64 0.68 0.68 0.72 0.72 0.72 0.72 0.72 0.72 0.72 0.68 0.68 0.64 0.64 0.6 0.56 0.52 0.48 0.48 0.44 0.4 0.36 0.32 0.28 0.24 0.2 0.16 0.12 0.08 0.04 0.0 0.0 0.0 0.0 0.0 0.0 0.0 0.0 0.0 0.0 0.0 0.0 0.0 0.0 0.0 0.0 0.0 0.0 0.0 0.0 0.0 0.0 0.0 0.0 0.0 0.0 0.0 0.0 0.0 0.0 0.0 0.0 0.0 0.0 0.0 0.0 0.0 0.0 0.0 0.0 0.0 0.0 0.0 0.0 0.0 0.0 0.0 0.0 0.0 0.0 0.0 0.0 0.0 0.0 0.0 0.0 
0.2 0.24 0.28 0.28 0.32 0.36 0.4 0.44 0.48 0.52 0.56 0.6 0.6 0.64 0.68 0.72 0.72 0.76 0.76 0.76 0.76 0.76 0.76 0.76 0.72 0.72 0.68 0.64 0.6 0.6 0.56 0.52 0.48 0.44 0.4 0.36 0.32 0.28 0.28 0.24 0.2 0.16 0.12 0.08 0.04 0.0 0.0 0.0 0.0 0.0 0.0 0.0 0.0 0.0 0.0 0.0 0.0 0.0 0.0 0.0 0.0 0.0 0.0 0.0 0.0 0.0 0.0 0.0 0.0 0.0 0.0 0.0 0.0 0.0 0.0 0.0 0.0 0.0 0.0 0.0 0.0 0.0 0.0 0.0 0.0 0.0 0.0 0.0 0.0 0.0 0.0 0.0 0.0 0.0 0.0 0.0 0.0 0.0 0.0 0.0 
0.2 0.24 0.28 0.32 0.36 0.4 0.44 0.48 0.48 0.52 0.56 0.6 0.64 0.68 0.72 0.72 0.76 0.8 0.8 0.8 0.8 0.8 0.8 0.8 0.76 0.72 0.72 0.68 0.64 0.6 0.56 0.52 0.48 0.48 0.44 0.4 0.36 0.32 0.28 0.24 0.2 0.16 0.12 0.08 0.04 0.0 0.0 0.0 0.0 0.0 0.0 0.0 0.0 0.0 0.0 0.0 0.0 0.0 0.0 0.0 0.0 0.0 0.0 0.0 0.0 0.0 0.0 0.0 0.0 0.0 0.0 0.0 0.0 0.0 0.0 0.0 0.0 0.0 0.0 0.0 0.0 0.0 0.0 0.0 0.0 0.0 0.0 0.0 0.0 0.0 0.0 0.0 0.0 0.0 0.0 0.0 0.0 0.0 0.0 0.0 
0.2 0.24 0.28 0.32 0.36 0.4 0.44 0.48 0.52 0.56 0.6 0.64 0.68 0.68 0.72 0.76 0.8 0.8 0.84 0.84 0.84 0.84 0.84 0.8 0.8 0.76 0.72 0.68 0.68 0.64 0.6 0.56 0.52 0.48 0.44 0.4 0.36 0.32 0.28 0.24 0.2 0.16 0.12 0.08 0.04 0.0 0.0 0.0 0.0 0.0 0.0 0.0 0.0 0.0 0.0 0.0 0.0 0.0 0.0 0.0 0.0 0.0 0.0 0.0 0.0 0.0 0.0 0.0 0.0 0.0 0.0 0.0 0.0 0.0 0.0 0.0 0.0 0.0 0.0 0.0 0.0 0.0 0.0 0.0 0.0 0.0 0.0 0.0 0.0 0.0 0.0 0.0 0.0 0.0 0.0 0.0 0.0 0.0 0.0 0.0 
0.2 0.24 0.28 0.32 0.36 0.4 0.44 0.48 0.52 0.56 0.6 0.64 0.68 0.72 0.76 0.8 0.8 0.84 0.88 0.88 0.88 0.88 0.88 0.84 0.8 0.8 0.76 0.72 0.68 0.64 0.6 0.56 0.52 0.48 0.44 0.4 0.36 0.32 0.28 0.24 0.2 0.16 0.12 0.08 0.04 0.0 0.0 0.0 0.0 0.0 0.0 0.0 0.0 0.0 0.0 0.0 0.0 0.0 0.0 0.0 0.0 0.0 0.0 0.0 0.0 0.0 0.0 0.0 0.0 0.0 0.0 0.0 0.0 0.0 0.0 0.0 0.0 0.0 0.0 0.0 0.0 0.0 0.0 0.0 0.0 0.0 0.0 0.0 0.0 0.0 0.0 0.0 0.0 0.0 0.0 0.0 0.0 0.0 0.0 0.0 
0.2 0.24 0.28 0.32 0.36 0.4 0.44 0.48 0.52 0.56 0.6 0.64 0.68 0.72 0.76 0.8 0.84 0.88 0.92 0.92 0.92 0.92 0.92 0.88 0.84 0.8 0.76 0.72 0.68 0.64 0.6 0.56 0.52 0.48 0.44 0.4 0.36 0.32 0.28 0.24 0.2 0.16 0.12 0.08 0.04 0.0 0.0 0.0 0.0 0.0 0.0 0.0 0.0 0.0 0.0 0.0 0.0 0.0 0.0 0.0 0.0 0.0 0.0 0.0 0.0 0.0 0.0 0.0 0.0 0.0 0.0 0.0 0.0 0.0 0.0 0.0 0.0 0.0 0.0 0.0 0.0 0.0 0.0 0.0 0.0 0.0 0.0 0.0 0.0 0.0 0.0 0.0 0.0 0.0 0.0 0.0 0.0 0.0 0.0 0.0 
0.2 0.24 0.28 0.32 0.36 0.4 0.44 0.48 0.52 0.56 0.6 0.64 0.68 0.72 0.76 0.8 0.84 0.88 0.92 0.96 0.96 0.96 0.92 0.88 0.84 0.8 0.76 0.72 0.68 0.64 0.6 0.56 0.52 0.48 0.44 0.4 0.36 0.32 0.28 0.24 0.2 0.16 0.12 0.08 0.04 0.0 0.0 0.0 0.0 0.0 0.0 0.0 0.0 0.0 0.0 0.0 0.0 0.0 0.0 0.0 0.0 0.0 0.0 0.0 0.0 0.0 0.0 0.0 0.0 0.0 0.0 0.0 0.0 0.0 0.0 0.0 0.0 0.0 0.0 0.0 0.0 0.0 0.0 0.0 0.0 0.0 0.0 0.0 0.0 0.0 0.0 0.0 0.0 0.0 0.0 0.0 0.0 0.0 0.0 0.0 
0.2 0.24 0.28 0.32 0.36 0.4 0.44 0.48 0.52 0.56 0.6 0.64 0.68 0.72 0.76 0.8 0.84 0.88 0.92 0.96 1.0 0.96 0.92 0.88 0.84 0.8 0.76 0.72 0.68 0.64 0.6 0.56 0.52 0.48 0.44 0.4 0.36 0.32 0.28 0.24 0.2 0.16 0.12 0.08 0.04 0.0 0.0 0.0 0.0 0.0 0.0 0.0 0.0 0.0 0.0 0.0 0.0 0.0 0.0 0.0 0.0 0.0 0.0 0.0 0.0 0.0 0.0 0.0 0.0 0.0 0.0 0.0 0.0 0.0 0.0 0.0 0.0 0.0 0.0 0.0 0.0 0.0 0.0 0.0 0.0 0.0 0.0 0.0 0.0 0.0 0.0 0.0 0.0 0.0 0.0 0.0 0.0 0.0 0.0 0.0 
0.2 0.24 0.28 0.32 0.36 0.4 0.44 0.48 0.52 0.56 0.6 0.64 0.68 0.72 0.76 0.8 0.84 0.88 0.92 0.96 0.96 0.96 0.92 0.88 0.84 0.8 0.76 0.72 0.68 0.64 0.6 0.56 0.52 0.48 0.44 0.4 0.36 0.32 0.28 0.24 0.2 0.16 0.12 0.08 0.04 0.0 0.0 0.0 0.0 0.0 0.0 0.0 0.0 0.0 0.0 0.0 0.0 0.0 0.0 0.0 0.0 0.0 0.0 0.0 0.0 0.0 0.0 0.0 0.0 0.0 0.0 0.0 0.0 0.0 0.0 0.0 0.0 0.0 0.0 0.0 0.0 0.0 0.0 0.0 0.0 0.0 0.0 0.0 0.0 0.0 0.0 0.0 0.0 0.0 0.0 0.0 0.0 0.0 0.0 0.0 
0.2 0.24 0.28 0.32 0.36 0.4 0.44 0.48 0.52 0.56 0.6 0.64 0.68 0.72 0.76 0.8 0.84 0.88 0.92 0.92 0.92 0.92 0.92 0.88 0.84 0.8 0.76 0.72 0.68 0.64 0.6 0.56 0.52 0.48 0.44 0.4 0.36 0.32 0.28 0.24 0.2 0.16 0.12 0.08 0.04 0.0 0.0 0.0 0.0 0.0 0.0 0.0 0.0 0.0 0.0 0.0 0.0 0.0 0.0 0.0 0.0 0.0 0.0 0.0 0.0 0.0 0.0 0.0 0.0 0.0 0.0 0.0 0.0 0.0 0.0 0.0 0.0 0.0 0.0 0.0 0.0 0.0 0.0 0.0 0.0 0.0 0.0 0.0 0.0 0.0 0.0 0.0 0.0 0.0 0.0 0.0 0.0 0.0 0.0 0.0 
0.2 0.24 0.28 0.32 0.36 0.4 0.44 0.48 0.52 0.56 0.6 0.64 0.68 0.72 0.76 0.8 0.8 0.84 0.88 0.88 0.88 0.88 0.88 0.84 0.8 0.8 0.76 0.72 0.68 0.64 0.6 0.56 0.52 0.48 0.44 0.4 0.36 0.32 0.28 0.24 0.2 0.16 0.12 0.08 0.04 0.0 0.0 0.0 0.0 0.0 0.0 0.0 0.0 0.0 0.0 0.0 0.0 0.0 0.0 0.0 0.0 0.0 0.0 0.0 0.0 0.0 0.0 0.0 0.0 0.0 0.0 0.0 0.0 0.0 0.0 0.0 0.0 0.0 0.0 0.0 0.0 0.0 0.0 0.0 0.0 0.0 0.0 0.0 0.0 0.0 0.0 0.0 0.0 0.0 0.0 0.0 0.0 0.0 0.0 0.0 
0.2 0.24 0.28 0.32 0.36 0.4 0.44 0.48 0.52 0.56 0.6 0.64 0.68 0.68 0.72 0.76 0.8 0.8 0.84 0.84 0.84 0.84 0.84 0.8 0.8 0.76 0.72 0.68 0.68 0.64 0.6 0.56 0.52 0.48 0.44 0.4 0.36 0.32 0.28 0.24 0.2 0.16 0.12 0.08 0.04 0.0 0.0 0.0 0.0 0.0 0.0 0.0 0.0 0.0 0.0 0.0 0.0 0.0 0.0 0.0 0.0 0.0 0.0 0.0 0.0 0.0 0.0 0.0 0.0 0.0 0.0 0.0 0.0 0.0 0.0 0.0 0.0 0.0 0.0 0.0 0.0 0.0 0.0 0.0 0.0 0.0 0.0 0.0 0.0 0.0 0.0 0.0 0.0 0.0 0.0 0.0 0.0 0.0 0.0 0.0 
0.2 0.24 0.28 0.32 0.36 0.4 0.44 0.48 0.48 0.52 0.56 0.6 0.64 0.68 0.72 0.72 0.76 0.8 0.8 0.8 0.8 0.8 0.8 0.8 0.76 0.72 0.72 0.68 0.64 0.6 0.56 0.52 0.48 0.48 0.44 0.4 0.36 0.32 0.28 0.24 0.2 0.16 0.12 0.08 0.04 0.0 0.0 0.0 0.0 0.0 0.0 0.0 0.0 0.0 0.0 0.0 0.0 0.0 0.0 0.0 0.0 0.0 0.0 0.0 0.0 0.0 0.0 0.0 0.0 0.0 0.0 0.0 0.0 0.0 0.0 0.0 0.0 0.0 0.0 0.0 0.0 0.0 0.0 0.0 0.0 0.0 0.0 0.0 0.0 0.0 0.0 0.0 0.0 0.0 0.0 0.0 0.0 0.0 0.0 0.0 
0.2 0.24 0.28 0.28 0.32 0.36 0.4 0.44 0.48 0.52 0.56 0.6 0.6 0.64 0.68 0.72 0.72 0.76 0.76 0.76 0.76 0.76 0.76 0.76 0.72 0.72 0.68 0.64 0.6 0.6 0.56 0.52 0.48 0.44 0.4 0.36 0.32 0.28 0.28 0.24 0.2 0.16 0.12 0.08 0.04 0.0 0.0 0.0 0.0 0.0 0.0 0.0 0.0 0.0 0.0 0.0 0.0 0.0 0.0 0.0 0.0 0.0 0.0 0.0 0.0 0.0 0.0 0.0 0.0 0.0 0.0 0.0 0.0 0.0 0.0 0.0 0.0 0.0 0.0 0.0 0.0 0.0 0.0 0.0 0.0 0.0 0.0 0.0 0.0 0.0 0.0 0.0 0.0 0.0 0.0 0.0 0.0 0.0 0.0 0.0 
0.16 0.2 0.24 0.28 0.32 0.36 0.4 0.44 0.48 0.48 0.52 0.56 0.6 0.64 0.64 0.68 0.68 0.72 0.72 0.72 0.72 0.72 0.72 0.72 0.68 0.68 0.64 0.64 0.6 0.56 0.52 0.48 0.48 0.44 0.4 0.36 0.32 0.28 0.24 0.2 0.16 0.12 0.08 0.04 0.0 0.0 0.0 0.0 0.0 0.0 0.0 0.0 0.0 0.0 0.0 0.0 0.0 0.0 0.0 0.0 0.0 0.0 0.0 0.0 0.0 0.0 0.0 0.0 0.0 0.0 0.0 0.0 0.0 0.0 0.0 0.0 0.0 0.0 0.0 0.0 0.0 0.0 0.0 0.0 0.0 0.0 0.0 0.0 0.0 0.0 0.0 0.0 0.0 0.0 0.0 0.0 0.0 0.0 0.0 0.0 
0.16 0.2 0.24 0.28 0.32 0.32 0.36 0.4 0.44 0.48 0.52 0.52 0.56 0.6 0.6 0.64 0.68 0.68 0.68 0.68 0.68 0.68 0.68 0.68 0.68 0.64 0.6 0.6 0.56 0.52 0.52 0.48 0.44 0.4 0.36 0.32 0.32 0.28 0.24 0.2 0.16 0.12 0.08 0.04 0.04 0.04 0.0 0.0 0.0 0.0 0.0 0.0 0.0 0.0 0.0 0.0 0.0 0.0 0.0 0.0 0.0 0.0 0.0 0.0 0.0 0.0 0.0 0.0 0.0 0.0 0.0 0.0 0.0 0.0 0.0 0.0 0.0 0.0 0.0 0.0 0.0 0.0 0.0 0.0 0.0 0.0 0.0 0.0 0.0 0.0 0.0 0.0 0.0 0.0 0.0 0.0 0.0 0.0 0.0 0.0 
0.16 0.16 0.2 0.24 0.28 0.32 0.36 0.4 0.4 0.44 0.48 0.52 0.52 0.56 0.6 0.6 0.64 0.64 0.64 0.64 0.64 0.64 0.64 0.64 0.64 0.6 0.6 0.56 0.52 0.52 0.48 0.44 0.4 0.4 0.36 0.32 0.28 0.24 0.2 0.16 0.16 0.12 0.12 0.08 0.08 0.08 0.04 0.04 0.0 0.0 0.0 0.0 0.0 0.0 0.0 0.0 0.0 0.0 0.0 0.0 0.0 0.0 0.0 0.0 0.0 0.0 0.0 0.0 0.0 0.0 0.0 0.0 0.0 0.0 0.0 0.0 0.0 0.0 0.0 0.0 0.0 0.0 0.0 0.0 0.0 0.0 0.0 0.0 0.0 0.0 0.0 0.0 0.0 0.0 0.0 0.0 0.0 0.0 0.0 0.0 
0.12 0.16 0.2 0.24 0.28 0.28 0.32 0.36 0.4 0.44 0.44 0.48 0.52 0.52 0.56 0.56 0.6 0.6 0.6 0.6 0.6 0.6 0.6 0.6 0.6 0.56 0.56 0.52 0.52 0.48 0.44 0.44 0.4 0.36 0.32 0.28 0.28 0.24 0.2 0.16 0.16 0.16 0.16 0.12 0.12 0.12 0.08 0.08 0.04 0.04 0.0 0.0 0.0 0.0 0.0 0.0 0.0 0.0 0.0 0.0 0.0 0.0 0.0 0.0 0.0 0.0 0.0 0.0 0.0 0.0 0.0 0.0 0.0 0.0 0.0 0.0 0.0 0.0 0.0 0.0 0.0 0.0 0.0 0.0 0.0 0.0 0.0 0.0 0.0 0.0 0.0 0.0 0.0 0.0 0.0 0.0 0.0 0.0 0.0 0.0 
0.12 0.16 0.16 0.2 0.24 0.28 0.32 0.32 0.36 0.4 0.44 0.44 0.48 0.48 0.52 0.52 0.56 0.56 0.56 0.56 0.56 0.56 0.56 0.56 0.56 0.52 0.52 0.48 0.48 0.44 0.44 0.4 0.36 0.32 0.32 0.28 0.24 0.2 0.2 0.2 0.2 0.2 0.2 0.16 0.16 0.16 0.12 0.12 0.08 0.08 0.04 0.0 0.0 0.0 0.0 0.0 0.0 0.0 0.0 0.0 0.0 0.0 0.0 0.0 0.0 0.0 0.0 0.0 0.0 0.0 0.0 0.0 0.0 0.0 0.0 0.0 0.0 0.0 0.0 0.0 0.0 0.0 0.0 0.0 0.0 0.0 0.0 0.0 0.0 0.0 0.0 0.0 0.0 0.0 0.0 0.0 0.0 0.0 0.0 0.0 
0.08 0.12 0.16 0.2 0.2 0.24 0.28 0.32 0.36 0.36 0.4 0.4 0.44 0.48 0.48 0.48 0.52 0.52 0.52 0.52 0.52 0.52 0.52 0.52 0.52 0.48 0.48 0.48 0.44 0.4 0.4 0.36 0.36 0.32 0.28 0.24 0.24 0.24 0.24 0.24 0.24 0.24 0.24 0.2 0.2 0.16 0.16 0.16 0.12 0.08 0.08 0.04 0.04 0.0 0.0 0.0 0.0 0.0 0.0 0.0 0.0 0.0 0.0 0.0 0.0 0.0 0.0 0.0 0.0 0.0 0.0 0.0 0.0 0.0 0.0 0.0 0.0 0.0 0.0 0.0 0.0 0.0 0.0 0.0 0.0 0.0 0.0 0.0 0.0 0.0 0.0 0.0 0.0 0.0 0.0 0.0 0.0 0.0 0.0 0.0 
0.08 0.08 0.12 0.16 0.2 0.24 0.24 0.28 0.32 0.32 0.36 0.4 0.4 0.44 0.44 0.48 0.48 0.48 0.48 0.48 0.48 0.48 0.48 0.48 0.48 0.48 0.44 0.44 0.4 0.4 0.36 0.32 0.32 0.28 0.28 0.28 0.28 0.28 0.28 0.28 0.28 0.28 0.28 0.24 0.24 0.2 0.2 0.16 0.16 0.12 0.12 0.08 0.04 0.04 0.0 0.0 0.0 0.0 0.0 0.0 0.0 0.0 0.0 0.0 0.0 0.0 0.0 0.0 0.0 0.0 0.0 0.0 0.0 0.0 0.0 0.0 0.0 0.0 0.0 0.0 0.0 0.0 0.0 0.0 0.0 0.0 0.0 0.0 0.0 0.0 0.0 0.0 0.0 0.0 0.0 0.0 0.0 0.0 0.0 0.0 
0.04 0.08 0.12 0.12 0.16 0.2 0.24 0.24 0.28 0.32 0.32 0.36 0.36 0.4 0.4 0.44 0.44 0.44 0.44 0.44 0.44 0.44 0.44 0.44 0.44 0.44 0.4 0.4 0.36 0.36 0.32 0.32 0.32 0.32 0.32 0.32 0.32 0.32 0.32 0.32 0.32 0.32 0.28 0.28 0.28 0.24 0.24 0.2 0.2 0.16 0.12 0.12 0.08 0.04 0.04 0.0 0.0 0.0 0.0 0.0 0.0 0.0 0.0 0.0 0.0 0.0 0.0 0.0 0.0 0.0 0.0 0.0 0.0 0.0 0.0 0.0 0.0 0.0 0.0 0.0 0.0 0.0 0.0 0.0 0.0 0.0 0.0 0.0 0.0 0.0 0.0 0.0 0.0 0.0 0.0 0.0 0.0 0.0 0.0 0.0 
0.0 0.04 0.08 0.12 0.16 0.16 0.2 0.24 0.24 0.28 0.28 0.32 0.32 0.36 0.36 0.4 0.4 0.4 0.4 0.4 0.4 0.4 0.4 0.4 0.4 0.4 0.36 0.36 0.32 0.32 0.32 0.36 0.36 0.36 0.36 0.36 0.36 0.36 0.36 0.36 0.36 0.36 0.32 0.32 0.32 0.28 0.28 0.24 0.2 0.2 0.16 0.16 0.12 0.08 0.04 0.04 0.0 0.0 0.0 0.0 0.0 0.0 0.0 0.0 0.0 0.0 0.0 0.0 0.0 0.0 0.0 0.0 0.0 0.0 0.0 0.0 0.0 0.0 0.0 0.0 0.0 0.0 0.0 0.0 0.0 0.0 0.0 0.0 0.0 0.0 0.0 0.0 0.0 0.0 0.0 0.0 0.0 0.0 0.0 0.0 
0.0 0.04 0.04 0.08 0.12 0.16 0.16 0.2 0.2 0.24 0.28 0.28 0.32 0.32 0.32 0.36 0.36 0.36 0.36 0.36 0.36 0.36 0.36 0.36 0.36 0.36 0.32 0.32 0.32 0.36 0.36 0.4 0.4 0.4 0.4 0.4 0.4 0.4 0.4 0.4 0.4 0.4 0.36 0.36 0.32 0.32 0.28 0.28 0.24 0.24 0.2 0.16 0.16 0.12 0.08 0.04 0.04 0.0 0.0 0.0 0.0 0.0 0.0 0.0 0.0 0.0 0.0 0.0 0.0 0.0 0.0 0.0 0.0 0.0 0.0 0.0 0.0 0.0 0.0 0.0 0.0 0.0 0.0 0.0 0.0 0.0 0.0 0.0 0.0 0.0 0.0 0.0 0.0 0.0 0.0 0.0 0.0 0.0 0.0 0.0 
0.0 0.0 0.04 0.04 0.08 0.12 0.12 0.16 0.2 0.2 0.24 0.24 0.28 0.28 0.28 0.32 0.32 0.32 0.32 0.32 0.32 0.32 0.32 0.32 0.32 0.32 0.32 0.36 0.36 0.4 0.4 0.44 0.44 0.44 0.44 0.44 0.44 0.44 0.44 0.44 0.44 0.44 0.4 0.4 0.36 0.36 0.32 0.32 0.28 0.24 0.24 0.2 0.16 0.12 0.12 0.08 0.04 0.04 0.0 0.0 0.0 0.0 0.0 0.0 0.0 0.0 0.0 0.0 0.0 0.0 0.0 0.0 0.0 0.0 0.0 0.0 0.0 0.0 0.0 0.0 0.0 0.0 0.0 0.0 0.0 0.0 0.0 0.0 0.0 0.0 0.0 0.0 0.0 0.0 0.0 0.0 0.0 0.0 0.0 0.0 
0.0 0.0 0.0 0.04 0.04 0.08 0.12 0.12 0.16 0.16 0.2 0.2 0.24 0.24 0.28 0.28 0.28 0.28 0.28 0.28 0.28 0.28 0.28 0.28 0.32 0.32 0.36 0.4 0.4 0.44 0.44 0.48 0.48 0.48 0.48 0.48 0.48 0.48 0.48 0.48 0.48 0.48 0.44 0.44 0.4 0.4 0.36 0.32 0.32 0.28 0.24 0.24 0.2 0.16 0.12 0.12 0.08 0.04 0.04 0.0 0.0 0.0 0.0 0.0 0.0 0.0 0.0 0.0 0.0 0.0 0.0 0.0 0.0 0.0 0.0 0.0 0.0 0.0 0.0 0.0 0.0 0.0 0.0 0.0 0.0 0.0 0.0 0.0 0.0 0.0 0.0 0.0 0.0 0.0 0.0 0.0 0.0 0.0 0.0 0.0 
0.0 0.0 0.0 0.0 0.04 0.04 0.08 0.08 0.12 0.16 0.16 0.16 0.2 0.2 0.24 0.24 0.24 0.24 0.24 0.24 0.24 0.24 0.28 0.32 0.36 0.36 0.4 0.4 0.44 0.48 0.48 0.48 0.52 0.52 0.52 0.52 0.52 0.52 0.52 0.52 0.52 0.48 0.48 0.48 0.44 0.4 0.4 0.36 0.36 0.32 0.28 0.24 0.2 0.2 0.16 0.16 0.12 0.08 0.04 0.04 0.0 0.0 0.0 0.0 0.0 0.0 0.0 0.0 0.0 0.0 0.0 0.0 0.0 0.0 0.0 0.0 0.0 0.0 0.0 0.0 0.0 0.0 0.0 0.0 0.0 0.0 0.0 0.0 0.0 0.0 0.0 0.0 0.0 0.0 0.0 0.0 0.0 0.0 0.0 0.0 
0.0 0.0 0.0 0.0 0.0 0.0 0.04 0.08 0.08 0.12 0.12 0.16 0.16 0.16 0.2 0.2 0.2 0.2 0.2 0.2 0.24 0.28 0.32 0.32 0.36 0.4 0.44 0.44 0.48 0.48 0.52 0.52 0.56 0.56 0.56 0.56 0.56 0.56 0.56 0.56 0.56 0.52 0.52 0.48 0.48 0.44 0.44 0.4 0.36 0.32 0.32 0.28 0.24 0.24 0.2 0.16 0.16 0.12 0.08 0.04 0.04 0.04 0.04 0.04 0.04 0.04 0.04 0.04 0.04 0.04 0.0 0.0 0.0 0.0 0.0 0.0 0.0 0.0 0.0 0.0 0.0 0.0 0.0 0.0 0.0 0.0 0.04 0.04 0.04 0.04 0.04 0.04 0.04 0.04 0.04 0.04 0.04 0.04 0.04 0.0 
0.0 0.0 0.0 0.0 0.0 0.0 0.0 0.04 0.04 0.08 0.08 0.12 0.12 0.12 0.16 0.16 0.16 0.16 0.2 0.24 0.28 0.28 0.32 0.36 0.4 0.44 0.44 0.48 0.52 0.52 0.56 0.56 0.6 0.6 0.6 0.6 0.6 0.6 0.6 0.6 0.6 0.56 0.56 0.52 0.52 0.48 0.44 0.44 0.4 0.36 0.32 0.32 0.28 0.24 0.24 0.2 0.16 0.12 0.12 0.08 0.08 0.08 0.08 0.08 0.08 0.08 0.08 0.08 0.08 0.08 0.04 0.04 0.04 0.0 0.0 0.0 0.0 0.0 0.0 0.0 0.0 0.0 0.0 0.04 0.04 0.04 0.08 0.08 0.08 0.08 0.08 0.08 0.08 0.08 0.08 0.08 0.08 0.08 0.08 0.04 
0.0 0.0 0.0 0.0 0.0 0.0 0.0 0.0 0.0 0.04 0.04 0.08 0.08 0.08 0.12 0.12 0.16 0.16 0.2 0.24 0.28 0.32 0.36 0.4 0.4 0.44 0.48 0.52 0.52 0.56 0.6 0.6 0.64 0.64 0.64 0.64 0.64 0.64 0.64 0.64 0.64 0.6 0.6 0.56 0.52 0.52 0.48 0.44 0.4 0.4 0.36 0.32 0.32 0.28 0.24 0.24 0.2 0.16 0.12 0.12 0.12 0.12 0.12 0.12 0.12 0.12 0.12 0.12 0.12 0.12 0.08 0.08 0.08 0.04 0.04 0.0 0.0 0.0 0.0 0.0 0.0 0.04 0.04 0.08 0.08 0.08 0.12 0.12 0.12 0.12 0.12 0.12 0.12 0.12 0.12 0.12 0.12 0.12 0.12 0.08 
0.0 0.0 0.0 0.0 0.0 0.0 0.0 0.0 0.0 0.0 0.0 0.04 0.04 0.04 0.08 0.12 0.16 0.2 0.24 0.28 0.32 0.32 0.36 0.4 0.44 0.48 0.52 0.52 0.56 0.6 0.6 0.64 0.68 0.68 0.68 0.68 0.68 0.68 0.68 0.68 0.68 0.64 0.6 0.6 0.56 0.52 0.52 0.48 0.44 0.4 0.4 0.36 0.36 0.32 0.28 0.24 0.2 0.2 0.16 0.16 0.16 0.16 0.16 0.16 0.16 0.16 0.16 0.16 0.16 0.16 0.12 0.12 0.12 0.08 0.08 0.04 0.04 0.0 0.0 0.04 0.04 0.08 0.08 0.12 0.12 0.12 0.16 0.16 0.16 0.16 0.16 0.16 0.16 0.16 0.16 0.16 0.16 0.16 0.16 0.12 
0.0 0.0 0.0 0.0 0.0 0.0 0.0 0.0 0.0 0.0 0.0 0.0 0.0 0.04 0.08 0.12 0.16 0.2 0.24 0.28 0.32 0.36 0.4 0.44 0.48 0.48 0.52 0.56 0.6 0.64 0.64 0.68 0.68 0.72 0.72 0.72 0.72 0.72 0.72 0.72 0.68 0.68 0.64 0.64 0.6 0.56 0.52 0.48 0.48 0.44 0.44 0.4 0.36 0.32 0.32 0.28 0.24 0.2 0.2 0.2 0.2 0.2 0.2 0.2 0.2 0.2 0.2 0.2 0.2 0.2 0.16 0.16 0.16 0.12 0.12 0.08 0.08 0.04 0.04 0.08 0.08 0.12 0.12 0.16 0.16 0.16 0.2 0.2 0.2 0.2 0.2 0.2 0.2 0.2 0.2 0.2 0.2 0.2 0.2 0.16 
0.0 0.0 0.0 0.0 0.0 0.0 0.0 0.0 0.0 0.0 0.0 0.0 0.04 0.08 0.12 0.16 0.2 0.24 0.28 0.28 0.32 0.36 0.4 0.44 0.48 0.52 0.56 0.6 0.6 0.64 0.68 0.72 0.72 0.76 0.76 0.76 0.76 0.76 0.76 0.76 0.72 0.72 0.68 0.64 0.6 0.6 0.56 0.52 0.52 0.48 0.44 0.44 0.4 0.36 0.32 0.28 0.28 0.24 0.24 0.24 0.24 0.24 0.24 0.24 0.24 0.24 0.24 0.24 0.24 0.24 0.2 0.2 0.16 0.16 0.16 0.12 0.08 0.08 0.08 0.08 0.12 0.16 0.16 0.16 0.2 0.2 0.24 0.24 0.24 0.24 0.24 0.24 0.24 0.24 0.24 0.24 0.24 0.24 0.24 0.2 
0.0 0.0 0.0 0.0 0.0 0.0 0.0 0.0 0.0 0.0 0.0 0.0 0.04 0.08 0.12 0.16 0.2 0.24 0.28 0.32 0.36 0.4 0.44 0.48 0.48 0.52 0.56 0.6 0.64 0.68 0.72 0.72 0.76 0.8 0.8 0.8 0.8 0.8 0.8 0.8 0.76 0.72 0.72 0.68 0.64 0.6 0.6 0.56 0.52 0.52 0.48 0.44 0.4 0.4 0.36 0.32 0.28 0.28 0.28 0.28 0.28 0.28 0.28 0.28 0.28 0.28 0.28 0.28 0.28 0.28 0.24 0.24 0.2 0.2 0.16 0.16 0.12 0.12 0.12 0.12 0.16 0.16 0.2 0.2 0.24 0.24 0.28 0.28 0.28 0.28 0.28 0.28 0.28 0.28 0.28 0.28 0.28 0.28 0.28 0.24 
0.0 0.0 0.0 0.0 0.0 0.0 0.0 0.0 0.0 0.0 0.0 0.0 0.04 0.08 0.12 0.16 0.2 0.24 0.28 0.32 0.36 0.4 0.44 0.48 0.52 0.56 0.6 0.64 0.68 0.68 0.72 0.76 0.8 0.8 0.84 0.84 0.84 0.84 0.84 0.8 0.8 0.76 0.72 0.68 0.68 0.64 0.6 0.6 0.56 0.52 0.52 0.48 0.44 0.4 0.36 0.32 0.32 0.28 0.32 0.32 0.32 0.32 0.32 0.32 0.32 0.32 0.32 0.32 0.32 0.28 0.28 0.28 0.24 0.24 0.2 0.2 0.16 0.12 0.12 0.16 0.2 0.2 0.24 0.24 0.28 0.28 0.28 0.32 0.32 0.32 0.32 0.32 0.32 0.32 0.32 0.32 0.32 0.32 0.28 0.28 
0.0 0.0 0.0 0.0 0.0 0.0 0.0 0.0 0.0 0.0 0.0 0.0 0.04 0.08 0.12 0.16 0.2 0.24 0.28 0.32 0.36 0.4 0.44 0.48 0.52 0.56 0.6 0.64 0.68 0.72 0.76 0.8 0.8 0.84 0.88 0.88 0.88 0.88 0.88 0.84 0.8 0.8 0.76 0.72 0.68 0.68 0.64 0.64 0.6 0.56 0.52 0.48 0.48 0.44 0.4 0.36 0.32 0.32 0.36 0.36 0.36 0.36 0.36 0.36 0.36 0.36 0.36 0.36 0.36 0.32 0.32 0.32 0.28 0.28 0.24 0.2 0.2 0.16 0.16 0.2 0.2 0.24 0.28 0.28 0.32 0.32 0.32 0.36 0.36 0.36 0.36 0.36 0.36 0.36 0.36 0.36 0.36 0.36 0.32 0.32 
0.0 0.0 0.0 0.0 0.0 0.0 0.0 0.0 0.0 0.0 0.0 0.0 0.04 0.08 0.12 0.16 0.2 0.24 0.28 0.32 0.36 0.4 0.44 0.48 0.52 0.56 0.6 0.64 0.68 0.72 0.76 0.8 0.84 0.88 0.92 0.92 0.92 0.92 0.92 0.88 0.84 0.8 0.76 0.76 0.72 0.72 0.68 0.64 0.6 0.6 0.56 0.52 0.48 0.44 0.4 0.36 0.36 0.36 0.4 0.4 0.4 0.4 0.4 0.4 0.4 0.4 0.4 0.4 0.4 0.36 0.36 0.32 0.32 0.28 0.28 0.24 0.24 0.2 0.2 0.24 0.24 0.28 0.28 0.32 0.32 0.36 0.36 0.4 0.4 0.4 0.4 0.4 0.4 0.4 0.4 0.4 0.4 0.4 0.36 0.36 
0.0 0.0 0.0 0.0 0.0 0.0 0.0 0.0 0.0 0.0 0.0 0.0 0.04 0.08 0.12 0.16 0.2 0.24 0.28 0.32 0.36 0.4 0.44 0.48 0.52 0.56 0.6 0.64 0.68 0.72 0.76 0.8 0.84 0.88 0.92 0.96 0.96 0.96 0.92 0.88 0.84 0.8 0.8 0.8 0.76 0.72 0.72 0.68 0.64 0.6 0.56 0.52 0.48 0.48 0.44 0.4 0.4 0.4 0.44 0.44 0.44 0.44 0.44 0.44 0.44 0.44 0.44 0.44 0.44 0.4 0.4 0.36 0.36 0.32 0.32 0.28 0.24 0.24 0.24 0.24 0.28 0.32 0.32 0.36 0.36 0.4 0.4 0.44 0.44 0.44 0.44 0.44 0.44 0.44 0.44 0.44 0.44 0.44 0.4 0.4 
0.0 0.0 0.0 0.0 0.0 0.0 0.0 0.0 0.0 0.0 0.0 0.0 0.04 0.08 0.12 0.16 0.2 0.24 0.28 0.32 0.36 0.4 0.44 0.48 0.52 0.56 0.6 0.64 0.68 0.72 0.76 0.8 0.84 0.88 0.92 0.96 1.0 0.96 0.92 0.88 0.84 0.84 0.84 0.8 0.8 0.76 0.72 0.68 0.68 0.64 0.6 0.56 0.52 0.48 0.44 0.4 0.44 0.44 0.48 0.48 0.48 0.48 0.48 0.48 0.48 0.48 0.48 0.48 0.48 0.44 0.44 0.4 0.4 0.36 0.32 0.32 0.28 0.24 0.24 0.28 0.32 0.32 0.36 0.4 0.4 0.44 0.44 0.48 0.48 0.48 0.48 0.48 0.48 0.48 0.48 0.48 0.48 0.48 0.44 0.44 
0.0 0.0 0.0 0.0 0.0 0.0 0.0 0.0 0.0 0.0 0.0 0.0 0.04 0.08 0.12 0.16 0.2 0.24 0.28 0.32 0.36 0.4 0.44 0.48 0.52 0.56 0.6 0.64 0.68 0.72 0.76 0.8 0.84 0.88 0.92 0.96 0.96 0.96 0.92 0.88 0.88 0.88 0.88 0.84 0.8 0.8 0.76 0.72 0.68 0.64 0.6 0.56 0.52 0.48 0.44 0.44 0.48 0.48 0.48 0.52 0.52 0.52 0.52 0.52 0.52 0.52 0.52 0.52 0.48 0.48 0.48 0.44 0.4 0.4 0.36 0.36 0.32 0.28 0.28 0.32 0.36 0.36 0.4 0.4 0.44 0.48 0.48 0.48 0.52 0.52 0.52 0.52 0.52 0.52 0.52 0.52 0.52 0.48 0.48 0.48 
0.0 0.0 0.0 0.0 0.0 0.0 0.0 0.0 0.0 0.0 0.0 0.0 0.04 0.08 0.12 0.16 0.2 0.24 0.28 0.32 0.36 0.4 0.44 0.48 0.52 0.56 0.6 0.64 0.68 0.72 0.76 0.8 0.84 0.88 0.92 0.92 0.92 0.92 0.92 0.92 0.92 0.92 0.92 0.88 0.84 0.8 0.76 0.72 0.68 0.64 0.6 0.56 0.52 0.48 0.44 0.48 0.48 0.52 0.52 0.56 0.56 0.56 0.56 0.56 0.56 0.56 0.56 0.56 0.52 0.52 0.48 0.48 0.44 0.44 0.4 0.36 0.32 0.32 0.32 0.32 0.36 0.4 0.44 0.44 0.48 0.48 0.52 0.52 0.56 0.56 0.56 0.56 0.56 0.56 0.56 0.56 0.56 0.52 0.52 0.48 
0.0 0.0 0.0 0.0 0.0 0.0 0.0 0.0 0.0 0.0 0.0 0.0 0.04 0.08 0.12 0.16 0.2 0.24 0.28 0.32 0.36 0.4 0.44 0.48 0.52 0.56 0.6 0.64 0.68 0.72 0.76 0.8 0.8 0.84 0.88 0.88 0.88 0.88 0.92 0.96 0.96 0.96 0.92 0.88 0.84 0.8 0.76 0.72 0.68 0.64 0.6 0.56 0.52 0.48 0.48 0.52 0.52 0.56 0.56 0.6 0.6 0.6 0.6 0.6 0.6 0.6 0.6 0.6 0.56 0.56 0.52 0.52 0.48 0.44 0.44 0.4 0.36 0.32 0.32 0.36 0.4 0.44 0.44 0.48 0.52 0.52 0.56 0.56 0.6 0.6 0.6 0.6 0.6 0.6 0.6 0.6 0.6 0.56 0.56 0.52 
0.0 0.0 0.0 0.0 0.0 0.0 0.0 0.0 0.0 0.0 0.0 0.0 0.04 0.08 0.12 0.16 0.2 0.24 0.28 0.32 0.36 0.4 0.44 0.48 0.52 0.56 0.6 0.64 0.68 0.68 0.72 0.76 0.8 0.8 0.84 0.84 0.84 0.88 0.92 0.96 1.0 0.96 0.92 0.88 0.84 0.8 0.76 0.72 0.68 0.64 0.6 0.56 0.52 0.48 0.52 0.52 0.56 0.6 0.6 0.64 0.64 0.64 0.64 0.64 0.64 0.64 0.64 0.64 0.6 0.6 0.56 0.52 0.52 0.48 0.44 0.4 0.4 0.36 0.36 0.4 0.4 0.44 0.48 0.52 0.52 0.56 0.6 0.6 0.64 0.64 0.64 0.64 0.64 0.64 0.64 0.64 0.64 0.6 0.6 0.56 
0.0 0.0 0.0 0.0 0.0 0.0 0.0 0.0 0.0 0.0 0.0 0.0 0.04 0.08 0.12 0.16 0.2 0.24 0.28 0.32 0.36 0.4 0.44 0.48 0.48 0.52 0.56 0.6 0.64 0.68 0.72 0.72 0.76 0.8 0.8 0.8 0.84 0.88 0.92 0.96 0.96 0.96 0.92 0.88 0.84 0.8 0.76 0.72 0.68 0.64 0.6 0.56 0.52 0.52 0.52 0.56 0.6 0.6 0.64 0.68 0.68 0.68 0.68 0.68 0.68 0.68 0.68 0.68 0.64 0.6 0.6 0.56 0.52 0.52 0.48 0.44 0.4 0.36 0.36 0.4 0.44 0.48 0.52 0.52 0.56 0.6 0.6 0.64 0.68 0.68 0.68 0.68 0.68 0.68 0.68 0.68 0.68 0.64 0.6 0.6 
0.0 0.0 0.0 0.0 0.0 0.0 0.0 0.0 0.0 0.0 0.0 0.0 0.04 0.08 0.12 0.16 0.2 0.24 0.28 0.28 0.32 0.36 0.4 0.44 0.48 0.52 0.56 0.6 0.6 0.64 0.68 0.72 0.72 0.76 0.76 0.8 0.84 0.88 0.92 0.92 0.92 0.92 0.92 0.88 0.84 0.8 0.76 0.72 0.68 0.64 0.6 0.56 0.52 0.52 0.56 0.6 0.64 0.64 0.68 0.68 0.72 0.72 0.72 0.72 0.72 0.72 0.72 0.68 0.68 0.64 0.64 0.6 0.56 0.52 0.48 0.48 0.44 0.4 0.4 0.44 0.48 0.48 0.52 0.56 0.6 0.64 0.64 0.68 0.68 0.72 0.72 0.72 0.72 0.72 0.72 0.72 0.68 0.68 0.64 0.64 
0.0 0.0 0.0 0.0 0.0 0.0 0.0 0.0 0.0 0.0 0.0 0.0 0.0 0.04 0.08 0.12 0.16 0.2 0.24 0.28 0.32 0.36 0.4 0.44 0.48 0.48 0.52 0.56 0.6 0.64 0.64 0.68 0.68 0.72 0.76 0.8 0.8 0.84 0.88 0.88 0.88 0.88 0.88 0.84 0.8 0.8 0.76 0.72 0.68 0.64 0.6 0.56 0.52 0.56 0.6 0.6 0.64 0.68 0.72 0.72 0.76 0.76 0.76 0.76 0.76 0.76 0.76 0.72 0.72 0.68 0.64 0.6 0.6 0.56 0.52 0.48 0.44 0.4 0.4 0.44 0.48 0.52 0.56 0.6 0.6 0.64 0.68 0.72 0.72 0.76 0.76 0.76 0.76 0.76 0.76 0.76 0.72 0.72 0.68 0.64 
0.0 0.0 0.0 0.0 0.0 0.0 0.0 0.0 0.0 0.0 0.0 0.0 0.0 0.04 0.08 0.12 0.16 0.2 0.24 0.28 0.32 0.32 0.36 0.4 0.44 0.48 0.52 0.52 0.56 0.6 0.6 0.64 0.68 0.68 0.72 0.76 0.8 0.8 0.84 0.84 0.84 0.84 0.84 0.8 0.8 0.76 0.72 0.68 0.68 0.64 0.6 0.56 0.52 0.56 0.6 0.64 0.68 0.72 0.72 0.76 0.8 0.8 0.8 0.8 0.8 0.8 0.8 0.76 0.72 0.72 0.68 0.64 0.6 0.56 0.52 0.48 0.48 0.44 0.44 0.48 0.48 0.52 0.56 0.6 0.64 0.68 0.72 0.72 0.76 0.8 0.8 0.8 0.8 0.8 0.8 0.8 0.76 0.72 0.72 0.68 
0.0 0.0 0.0 0.0 0.0 0.0 0.0 0.0 0.0 0.0 0.0 0.0 0.0 0.04 0.08 0.12 0.16 0.16 0.2 0.24 0.28 0.32 0.36 0.4 0.4 0.44 0.48 0.52 0.52 0.56 0.6 0.6 0.64 0.68 0.72 0.72 0.76 0.8 0.8 0.8 0.8 0.8 0.8 0.8 0.76 0.72 0.72 0.68 0.64 0.6 0.56 0.52 0.56 0.6 0.64 0.68 0.68 0.72 0.76 0.8 0.8 0.84 0.84 0.84 0.84 0.84 0.8 0.8 0.76 0.72 0.68 0.68 0.64 0.6 0.56 0.52 0.48 0.44 0.44 0.48 0.52 0.56 0.6 0.64 0.68 0.68 0.72 0.76 0.8 0.8 0.84 0.84 0.84 0.84 0.84 0.8 0.8 0.76 0.72 0.68 
0.0 0.0 0.0 0.0 0.0 0.0 0.0 0.0 0.0 0.0 0.0 0.0 0.0 0.0 0.04 0.08 0.12 0.16 0.2 0.24 0.28 0.28 0.32 0.36 0.4 0.44 0.44 0.48 0.52 0.52 0.56 0.6 0.6 0.64 0.68 0.72 0.72 0.76 0.76 0.76 0.76 0.76 0.76 0.76 0.72 0.72 0.68 0.64 0.6 0.6 0.56 0.52 0.56 0.6 0.64 0.68 0.72 0.76 0.8 0.8 0.84 0.88 0.88 0.88 0.88 0.88 0.84 0.8 0.8 0.76 0.72 0.68 0.64 0.6 0.56 0.52 0.48 0.44 0.44 0.48 0.52 0.56 0.6 0.64 0.68 0.72 0.76 0.8 0.8 0.84 0.88 0.88 0.88 0.88 0.88 0.84 0.8 0.8 0.76 0.72 
0.0 0.0 0.0 0.0 0.0 0.0 0.0 0.0 0.0 0.0 0.0 0.0 0.0 0.0 0.04 0.08 0.12 0.16 0.16 0.2 0.24 0.28 0.32 0.32 0.36 0.4 0.44 0.44 0.48 0.48 0.52 0.56 0.6 0.64 0.64 0.68 0.68 0.72 0.72 0.72 0.72 0.72 0.72 0.72 0.68 0.68 0.64 0.64 0.6 0.56 0.52 0.52 0.56 0.6 0.64 0.68 0.72 0.76 0.8 0.84 0.88 0.92 0.92 0.92 0.92 0.92 0.88 0.84 0.8 0.76 0.72 0.68 0.64 0.6 0.56 0.52 0.48 0.44 0.44 0.48 0.52 0.56 0.6 0.64 0.68 0.72 0.76 0.8 0.84 0.88 0.92 0.92 0.92 0.92 0.92 0.88 0.84 0.8 0.76 0.72 
0.0 0.0 0.0 0.0 0.0 0.0 0.0 0.0 0.0 0.0 0.0 0.0 0.0 0.0 0.0 0.04 0.08 0.12 0.16 0.2 0.2 0.24 0.28 0.32 0.36 0.36 0.4 0.4 0.44 0.48 0.52 0.52 0.56 0.6 0.6 0.64 0.68 0.68 0.68 0.68 0.68 0.68 0.68 0.68 0.68 0.64 0.6 0.6 0.56 0.52 0.52 0.52 0.56 0.6 0.64 0.68 0.72 0.76 0.8 0.84 0.88 0.92 0.96 0.96 0.96 0.92 0.88 0.84 0.8 0.76 0.72 0.68 0.64 0.6 0.56 0.52 0.48 0.44 0.44 0.48 0.52 0.56 0.6 0.64 0.68 0.72 0.76 0.8 0.84 0.88 0.92 0.96 0.96 0.96 0.92 0.88 0.84 0.8 0.76 0.72 
0.0 0.0 0.0 0.0 0.0 0.0 0.0 0.0 0.0 0.0 0.0 0.0 0.0 0.0 0.0 0.04 0.08 0.08 0.12 0.16 0.2 0.24 0.24 0.28 0.32 0.32 0.36 0.4 0.4 0.44 0.48 0.52 0.52 0.56 0.6 0.6 0.64 0.64 0.64 0.64 0.64 0.64 0.64 0.64 0.64 0.6 0.6 0.56 0.52 0.52 0.48 0.52 0.56 0.6 0.64 0.68 0.72 0.76 0.8 0.84 0.88 0.92 0.96 1.0 0.96 0.92 0.88 0.84 0.8 0.76 0.72 0.68 0.64 0.6 0.56 0.52 0.48 0.44 0.44 0.48 0.52 0.56 0.6 0.64 0.68 0.72 0.76 0.8 0.84 0.88 0.92 0.96 1.0 0.96 0.92 0.88 0.84 0.8 0.76 0.72 
0.0 0.0 0.0 0.0 0.0 0.0 0.0 0.0 0.0 0.0 0.0 0.0 0.0 0.0 0.0 0.0 0.04 0.08 0.12 0.12 0.16 0.2 0.24 0.24 0.28 0.32 0.32 0.36 0.4 0.44 0.44 0.48 0.52 0.52 0.56 0.56 0.6 0.6 0.6 0.6 0.6 0.6 0.6 0.6 0.6 0.56 0.56 0.52 0.52 0.48 0.48 0.52 0.56 0.6 0.64 0.68 0.72 0.76 0.8 0.84 0.88 0.92 0.96 0.96 0.96 0.92 0.88 0.84 0.8 0.76 0.72 0.68 0.64 0.6 0.56 0.52 0.48 0.44 0.44 0.48 0.52 0.56 0.6 0.64 0.68 0.72 0.76 0.8 0.84 0.88 0.92 0.96 0.96 0.96 0.92 0.88 0.84 0.8 0.76 0.72 
0.0 0.0 0.0 0.0 0.0 0.0 0.0 0.0 0.0 0.0 0.0 0.0 0.0 0.0 0.0 0.0 0.0 0.04 0.08 0.12 0.16 0.16 0.2 0.24 0.24 0.28 0.32 0.32 0.36 0.4 0.44 0.44 0.48 0.48 0.52 0.52 0.56 0.56 0.56 0.56 0.56 0.56 0.56 0.56 0.56 0.52 0.52 0.48 0.48 0.44 0.48 0.52 0.56 0.6 0.64 0.68 0.72 0.76 0.8 0.84 0.88 0.92 0.92 0.92 0.92 0.92 0.88 0.84 0.8 0.76 0.72 0.68 0.64 0.6 0.56 0.52 0.48 0.44 0.44 0.48 0.52 0.56 0.6 0.64 0.68 0.72 0.76 0.8 0.84 0.88 0.92 0.92 0.92 0.92 0.92 0.88 0.84 0.8 0.76 0.72 
0.0 0.0 0.0 0.0 0.0 0.0 0.0 0.0 0.0 0.0 0.0 0.0 0.0 0.0 0.0 0.0 0.0 0.04 0.04 0.08 0.12 0.16 0.16 0.2 0.2 0.24 0.28 0.32 0.36 0.36 0.4 0.4 0.44 0.48 0.48 0.48 0.52 0.52 0.52 0.52 0.52 0.52 0.52 0.52 0.52 0.48 0.48 0.48 0.44 0.44 0.48 0.52 0.56 0.6 0.64 0.68 0.72 0.76 0.8 0.8 0.84 0.88 0.88 0.88 0.88 0.88 0.84 0.8 0.8 0.76 0.72 0.68 0.64 0.6 0.56 0.52 0.48 0.44 0.44 0.48 0.52 0.56 0.6 0.64 0.68 0.72 0.76 0.8 0.8 0.84 0.88 0.88 0.88 0.88 0.88 0.84 0.8 0.8 0.76 0.72 
0.0 0.0 0.0 0.0 0.0 0.0 0.0 0.0 0.0 0.0 0.0 0.0 0.0 0.0 0.0 0.0 0.0 0.0 0.04 0.04 0.08 0.12 0.12 0.16 0.2 0.24 0.24 0.28 0.32 0.32 0.36 0.4 0.4 0.44 0.44 0.48 0.48 0.48 0.48 0.48 0.48 0.48 0.48 0.48 0.48 0.48 0.44 0.44 0.4 0.44 0.48 0.52 0.56 0.6 0.64 0.68 0.68 0.72 0.76 0.8 0.8 0.84 0.84 0.84 0.84 0.84 0.8 0.8 0.76 0.72 0.68 0.68 0.64 0.6 0.56 0.52 0.48 0.44 0.44 0.48 0.52 0.56 0.6 0.64 0.68 0.68 0.72 0.76 0.8 0.8 0.84 0.84 0.84 0.84 0.84 0.8 0.8 0.76 0.72 0.68 
0.0 0.0 0.0 0.0 0.0 0.0 0.0 0.0 0.0 0.0 0.0 0.0 0.0 0.0 0.0 0.0 0.0 0.0 0.0 0.04 0.04 0.08 0.12 0.12 0.16 0.2 0.24 0.24 0.28 0.32 0.32 0.36 0.36 0.4 0.4 0.44 0.44 0.44 0.44 0.44 0.44 0.44 0.44 0.44 0.44 0.44 0.4 0.4 0.4 0.44 0.48 0.48 0.52 0.56 0.6 0.64 0.68 0.72 0.72 0.76 0.8 0.8 0.8 0.8 0.8 0.8 0.8 0.76 0.72 0.72 0.68 0.64 0.6 0.56 0.52 0.48 0.48 0.44 0.44 0.48 0.48 0.52 0.56 0.6 0.64 0.68 0.72 0.72 0.76 0.8 0.8 0.8 0.8 0.8 0.8 0.8 0.76 0.72 0.72 0.68 
0.0 0.0 0.0 0.0 0.0 0.0 0.0 0.0 0.0 0.0 0.0 0.0 0.0 0.0 0.0 0.0 0.0 0.0 0.0 0.0 0.04 0.04 0.08 0.12 0.16 0.16 0.2 0.24 0.24 0.28 0.28 0.32 0.32 0.36 0.36 0.4 0.4 0.4 0.4 0.4 0.4 0.4 0.4 0.4 0.4 0.4 0.36 0.36 0.36 0.4 0.44 0.48 0.52 0.56 0.6 0.6 0.64 0.68 0.72 0.72 0.76 0.76 0.76 0.76 0.76 0.76 0.76 0.72 0.72 0.68 0.64 0.6 0.6 0.56 0.52 0.48 0.44 0.4 0.4 0.44 0.48 0.52 0.56 0.6 0.6 0.64 0.68 0.72 0.72 0.76 0.76 0.76 0.76 0.76 0.76 0.76 0.72 0.72 0.68 0.64 
0.0 0.0 0.0 0.0 0.0 0.0 0.0 0.0 0.0 0.0 0.0 0.0 0.0 0.0 0.0 0.0 0.0 0.0 0.0 0.0 0.0 0.04 0.04 0.08 0.12 0.16 0.16 0.2 0.2 0.24 0.28 0.28 0.32 0.32 0.32 0.36 0.36 0.36 0.36 0.36 0.36 0.36 0.36 0.36 0.36 0.36 0.32 0.32 0.36 0.4 0.44 0.48 0.48 0.52 0.56 0.6 0.64 0.64 0.68 0.68 0.72 0.72 0.72 0.72 0.72 0.72 0.72 0.68 0.68 0.64 0.64 0.6 0.56 0.52 0.48 0.48 0.44 0.4 0.4 0.44 0.48 0.48 0.52 0.56 0.6 0.64 0.64 0.68 0.68 0.72 0.72 0.72 0.72 0.72 0.72 0.72 0.68 0.68 0.64 0.64 
0.0 0.0 0.0 0.0 0.0 0.0 0.0 0.0 0.0 0.0 0.0 0.0 0.0 0.0 0.0 0.0 0.0 0.0 0.0 0.0 0.0 0.0 0.04 0.04 0.08 0.12 0.12 0.16 0.2 0.2 0.24 0.24 0.28 0.28 0.28 0.32 0.32 0.32 0.32 0.32 0.32 0.32 0.32 0.32 0.32 0.32 0.28 0.32 0.32 0.36 0.4 0.44 0.48 0.52 0.52 0.56 0.6 0.6 0.64 0.68 0.68 0.68 0.68 0.68 0.68 0.68 0.68 0.68 0.64 0.6 0.6 0.56 0.52 0.52 0.48 0.44 0.4 0.36 0.36 0.4 0.44 0.48 0.52 0.52 0.56 0.6 0.6 0.64 0.68 0.68 0.68 0.68 0.68 0.68 0.68 0.68 0.68 0.64 0.6 0.6 
0.0 0.0 0.0 0.0 0.0 0.0 0.0 0.0 0.0 0.0 0.0 0.0 0.0 0.0 0.0 0.0 0.0 0.0 0.0 0.0 0.0 0.0 0.0 0.04 0.04 0.08 0.12 0.12 0.16 0.16 0.2 0.2 0.24 0.24 0.28 0.28 0.28 0.28 0.28 0.28 0.28 0.28 0.28 0.28 0.28 0.28 0.28 0.28 0.32 0.36 0.4 0.4 0.44 0.48 0.52 0.52 0.56 0.6 0.6 0.64 0.64 0.64 0.64 0.64 0.64 0.64 0.64 0.64 0.6 0.6 0.56 0.52 0.52 0.48 0.44 0.4 0.4 0.36 0.36 0.4 0.4 0.44 0.48 0.52 0.52 0.56 0.6 0.6 0.64 0.64 0.64 0.64 0.64 0.64 0.64 0.64 0.64 0.6 0.6 0.56 
0.0 0.0 0.0 0.0 0.0 0.0 0.0 0.0 0.0 0.0 0.0 0.0 0.0 0.0 0.0 0.0 0.0 0.0 0.0 0.0 0.0 0.0 0.0 0.0 0.04 0.04 0.08 0.08 0.12 0.16 0.16 0.16 0.2 0.2 0.24 0.24 0.24 0.24 0.24 0.24 0.24 0.24 0.24 0.24 0.24 0.24 0.24 0.28 0.28 0.32 0.36 0.4 0.44 0.44 0.48 0.52 0.52 0.56 0.56 0.6 0.6 0.6 0.6 0.6 0.6 0.6 0.6 0.6 0.56 0.56 0.52 0.52 0.48 0.44 0.44 0.4 0.36 0.32 0.32 0.36 0.4 0.44 0.44 0.48 0.52 0.52 0.56 0.56 0.6 0.6 0.6 0.6 0.6 0.6 0.6 0.6 0.6 0.56 0.56 0.52 
0.0 0.0 0.0 0.0 0.0 0.0 0.0 0.0 0.0 0.0 0.0 0.0 0.0 0.0 0.0 0.0 0.0 0.0 0.0 0.0 0.0 0.0 0.0 0.0 0.0 0.0 0.04 0.08 0.08 0.12 0.12 0.16 0.16 0.16 0.2 0.2 0.2 0.2 0.2 0.2 0.2 0.2 0.2 0.2 0.2 0.2 0.2 0.24 0.28 0.32 0.32 0.36 0.4 0.44 0.44 0.48 0.48 0.52 0.52 0.56 0.56 0.56 0.56 0.56 0.56 0.56 0.56 0.56 0.52 0.52 0.48 0.48 0.44 0.44 0.4 0.36 0.32 0.32 0.32 0.32 0.36 0.4 0.44 0.44 0.48 0.48 0.52 0.52 0.56 0.56 0.56 0.56 0.56 0.56 0.56 0.56 0.56 0.52 0.52 0.48 
0.0 0.0 0.0 0.0 0.0 0.0 0.0 0.0 0.0 0.0 0.0 0.0 0.0 0.0 0.0 0.0 0.0 0.0 0.0 0.0 0.0 0.0 0.0 0.0 0.0 0.0 0.0 0.04 0.04 0.08 0.08 0.12 0.12 0.12 0.16 0.16 0.16 0.16 0.16 0.16 0.16 0.16 0.16 0.16 0.16 0.16 0.2 0.2 0.24 0.28 0.32 0.36 0.36 0.4 0.4 0.44 0.48 0.48 0.48 0.52 0.52 0.52 0.52 0.52 0.52 0.52 0.52 0.52 0.48 0.48 0.48 0.44 0.4 0.4 0.36 0.36 0.32 0.28 0.28 0.32 0.36 0.36 0.4 0.4 0.44 0.48 0.48 0.48 0.52 0.52 0.52 0.52 0.52 0.52 0.52 0.52 0.52 0.48 0.48 0.48 
0.0 0.0 0.0 0.0 0.0 0.0 0.0 0.0 0.0 0.0 0.0 0.0 0.0 0.0 0.0 0.0 0.0 0.0 0.0 0.0 0.0 0.0 0.0 0.0 0.0 0.0 0.0 0.0 0.0 0.04 0.04 0.08 0.08 0.08 0.12 0.12 0.12 0.12 0.12 0.12 0.12 0.12 0.12 0.12 0.12 0.12 0.16 0.2 0.24 0.24 0.28 0.32 0.32 0.36 0.4 0.4 0.44 0.44 0.48 0.48 0.48 0.48 0.48 0.48 0.48 0.48 0.48 0.48 0.48 0.44 0.44 0.4 0.4 0.36 0.32 0.32 0.28 0.24 0.24 0.28 0.32 0.32 0.36 0.4 0.4 0.44 0.44 0.48 0.48 0.48 0.48 0.48 0.48 0.48 0.48 0.48 0.48 0.48 0.44 0.44 
